JDTDB,   , X, Y, Z, VX, VY, VZ, LT, RG, RR,
2444239.500000000, A.D. 1980-Jan-01 00:00:00.0000, -9.299613198520271E+00,  1.403445862423927E+00,  3.450257793811944E-01, -1.131904256396964E-03, -5.527747394914353E-03,  1.416821325696630E-04,  5.435481073757183E-02,  9.411243739234729E+00,  2.993506085494936E-04,
2444330.500000000, A.D. 1980-Apr-01 00:00:00.0000, -9.388981395164835E+00,  8.986371537640075E-01,  3.574064363856486E-01, -8.316951316618078E-04, -5.564943631237117E-03,  1.307148573089141E-04,  5.451314074057965E-02,  9.438657729446829E+00,  3.024395443874789E-04,
2444421.500000000, A.D. 1980-Jul-01 00:00:00.0000, -9.450926728526074E+00,  3.912400300920417E-01,  3.687419710802804E-01, -5.307963225303223E-04, -5.584075101256421E-03,  1.185496339693924E-04,  5.467224609787685E-02,  9.466205968092558E+00,  3.037666491460807E-04,
2444513.500000000, A.D. 1980-Oct-01 00:00:00.0000, -9.485734942019223E+00, -1.228479297030953E-01,  3.791157687411046E-01, -2.263584907071930E-04, -5.587976804545754E-03,  1.064127989162278E-04,  5.483336469905149E-02,  9.494102789109929E+00,  3.027132589877692E-04,
2444605.500000000, A.D. 1981-Jan-01 00:00:00.0000, -9.492708397364124E+00, -6.365470230346620E-01,  3.883735422217759E-01,  7.552353233305694E-05, -5.576459970577242E-03,  9.456636776913579E-05,  5.499419890977676E-02,  9.521950369447403E+00,  3.013545636825627E-04,
2444695.500000000, A.D. 1981-Apr-01 00:00:00.0000, -9.472800002400700E+00, -1.137276854628229E+00,  3.963315394537162E-01,  3.664291173038570E-04, -5.548983501853419E-03,  8.257075969947705E-05,  5.515073186564264E-02,  9.549053210592216E+00,  3.007990523307127E-04,
2444786.500000000, A.D. 1981-Jul-01 00:00:00.0000, -9.426075440130861E+00, -1.640371589213429E+00,  4.032641378353716E-01,  6.589690209813630E-04, -5.505094868513923E-03,  6.963248030195558E-05,  5.530773958858658E-02,  9.576238255108365E+00,  2.972973019307428E-04,
2444878.500000000, A.D. 1981-Oct-01 00:00:00.0000, -9.352025363475420E+00, -2.144329269383000E+00,  4.091231195346433E-01,  9.505884046855310E-04, -5.447087930323294E-03,  5.719472960281452E-05,  5.546479815096434E-02,  9.603432102199607E+00,  2.930018005335758E-04,
2444970.500000000, A.D. 1982-Jan-01 00:00:00.0000, -9.251455272711629E+00, -2.642219270646408E+00,  4.138177047121455E-01,  1.235884182455630E-03, -5.374633054872534E-03,  4.498632286600956E-05,  5.561976858357839E-02,  9.630264400829931E+00,  2.892805238690131E-04,
2445060.500000000, A.D. 1982-Apr-01 00:00:00.0000, -9.127894955157300E+00, -3.122128292693017E+00,  4.172808879297830E-01,  1.508473360313119E-03, -5.288261576749309E-03,  3.227703001565397E-05,  5.576898480848207E-02,  9.656100389279917E+00,  2.853028851214352E-04,
2445151.500000000, A.D. 1982-Jul-01 00:00:00.0000, -8.978202743656659E+00, -3.598928118098848E+00,  4.196512505490556E-01,  1.779930624155985E-03, -5.187842481377028E-03,  1.945917895553975E-05,  5.591719386773187E-02,  9.681761992402720E+00,  2.786951627276508E-04,
2445243.500000000, A.D. 1982-Oct-01 00:00:00.0000, -8.802182203352899E+00, -4.071095034407390E+00,  4.208915233105950E-01,  2.046471352061272E-03, -5.074120643774297E-03,  7.230311207429688E-06,  5.606400568768632E-02,  9.707181671040967E+00,  2.726699580232083E-04,
2445335.500000000, A.D. 1983-Jan-01 00:00:00.0000, -8.602022583333817E+00, -4.532125911468367E+00,  4.209749205589972E-01,  2.304047990849983E-03, -4.947141752618529E-03, -4.956899709869207E-06,  5.620744934986925E-02,  9.732018171239080E+00,  2.671090105024389E-04,
2445425.500000000, A.D. 1983-Apr-01 00:00:00.0000, -8.383560708646971E+00, -4.971242127200662E+00,  4.199478361852907E-01,  2.548590301969396E-03, -4.809221285256965E-03, -1.769058679142151E-05,  5.634422777891973E-02,  9.755700622094786E+00,  2.597571316289681E-04,
2445516.500000000, A.D. 1983-Jul-01 00:00:00.0000, -8.140655320113252E+00, -5.402203736414813E+00,  4.178077411036705E-01,  2.788768209256673E-03, -4.659742959041342E-03, -2.976508586363600E-05,  5.647873368658121E-02,  9.778989598069348E+00,  2.513597091886217E-04,
2445608.500000000, A.D. 1983-Oct-01 00:00:00.0000, -7.873388072359821E+00, -5.823519641017510E+00,  4.145287531356749E-01,  3.020964825665069E-03, -4.497829582048386E-03, -4.140104506181353E-05,  5.661052613539413E-02,  9.801808753208297E+00,  2.439150389695069E-04,
2445700.500000000, A.D. 1984-Jan-01 00:00:00.0000, -7.585170397124331E+00, -6.229361336655122E+00,  4.101457233520386E-01,  3.242745606159984E-03, -4.324091600483441E-03, -5.329162935785653E-05,  5.673780909542277E-02,  9.823847114568149E+00,  2.359252637033030E-04,
2445791.500000000, A.D. 1984-Apr-01 00:00:00.0000, -7.280364237503520E+00, -6.614624170994124E+00,  4.047455674116727E-01,  3.453639794573788E-03, -4.141354375495877E-03, -6.538836387460080E-05,  5.685902476353570E-02,  9.844834956897921E+00,  2.258322727063068E-04,
2445882.500000000, A.D. 1984-Jul-01 00:00:00.0000, -6.956866152966488E+00, -6.982915655892458E+00,  3.983071608949302E-01,  3.654994086205259E-03, -3.950732510991239E-03, -7.648651386272964E-05,  5.697534821712955E-02,  9.864975738541830E+00,  2.159014057303105E-04,
2445974.500000000, A.D. 1984-Oct-01 00:00:00.0000, -6.611769856593384E+00, -7.337143785003718E+00,  3.907630449251887E-01,  3.846284869654060E-03, -3.749055414998510E-03, -8.723312012744891E-05,  5.708768296454662E-02,  9.884425897119911E+00,  2.066403065145889E-04,
2446066.500000000, A.D. 1985-Jan-01 00:00:00.0000, -6.249528477305469E+00, -7.672356777758016E+00,  3.822052396975632E-01,  4.026088588863770E-03, -3.537710864972741E-03, -9.823266025456756E-05,  5.719447296734892E-02,  9.902916012928397E+00,  1.962936577838864E-04,
2446156.500000000, A.D. 1985-Apr-01 00:00:00.0000, -5.879564658127893E+00, -7.981158943539648E+00,  3.728820339455431E-01,  4.192900710115328E-03, -3.322870012646915E-03, -1.090779859083001E-04,  5.729338045497669E-02,  9.920041313542441E+00,  1.841977881366826E-04,
2446247.500000000, A.D. 1985-Jul-01 00:00:00.0000, -5.490829676332027E+00, -8.273477306088290E+00,  3.625248043526866E-01,  4.349712611701325E-03, -3.100300360161037E-03, -1.187140882338660E-04,  5.738757453117816E-02,  9.936350512266431E+00,  1.734738298800526E-04,
2446339.500000000, A.D. 1985-Oct-01 00:00:00.0000, -5.083891530991282E+00, -8.548007768948944E+00,  3.511321651105218E-01,  4.495091406027434E-03, -2.867726207697516E-03, -1.283760654785842E-04,  5.747661775639958E-02,  9.951767868789524E+00,  1.623542498142049E-04,
2446431.500000000, A.D. 1986-Jan-01 00:00:00.0000, -4.664040535555913E+00, -8.800829845172471E+00,  3.388482381972522E-01,  4.628983827055524E-03, -2.627769167818334E-03, -1.383154860592637E-04,  5.755926256169903E-02,  9.966077373245533E+00,  1.494984532001620E-04,
2446521.500000000, A.D. 1986-Apr-01 00:00:00.0000, -4.241900930211179E+00, -9.026626821174759E+00,  3.260041634365346E-01,  4.749828622318457E-03, -2.388366537058294E-03, -1.474081364418307E-04,  5.763376807046093E-02,  9.978977602192318E+00,  1.365405734898668E-04,
2446612.500000000, A.D. 1986-Jul-01 00:00:00.0000, -3.804684622527632E+00, -9.232800218781655E+00,  3.122167070567845E-01,  4.858197768790935E-03, -2.142440332936315E-03, -1.554758971095452E-04,  5.770251667279790E-02,  9.990881053690821E+00,  1.249410388547014E-04,
2446704.500000000, A.D. 1986-Oct-01 00:00:00.0000, -3.353169972841884E+00, -9.418184817293568E+00,  2.974975762279644E-01,  4.954731116438394E-03, -1.887909475108859E-03, -1.638890968632120E-04,  5.776513336559708E-02,  1.000172279796481E+01,  1.117675589738229E-04,
2446796.500000000, A.D. 1987-Jan-01 00:00:00.0000, -2.893269055520986E+00, -9.580004926949387E+00,  2.820355116514573E-01,  5.039856022381934E-03, -1.628948160668524E-03, -1.722422385760514E-04,  5.782071105487564E-02,  1.001134577655983E+01,  9.739884377074752E-05,
2446886.500000000, A.D. 1987-Apr-01 00:00:00.0000, -2.436382284507959E+00, -9.715180575893307E+00,  2.662297553291754E-01,  5.111560460124300E-03, -1.373891844353041E-03, -1.792592663656674E-04,  5.786814897925596E-02,  1.001955939855149E+01,  8.445160352021190E-05,
2446977.500000000, A.D. 1987-Jul-01 00:00:00.0000, -1.968528129558631E+00, -9.828321989138146E+00,  2.496012560409978E-01,  5.169359672113282E-03, -1.113091110164478E-03, -1.857796213823506E-04,  5.790898759936273E-02,  1.002663038642880E+01,  7.155116455772955E-05,
2447069.500000000, A.D. 1987-Oct-01 00:00:00.0000, -1.490676036785946E+00, -9.918426057272383E+00,  2.321740026599938E-01,  5.215491266443849E-03, -8.457918613596677E-04, -1.926701062317334E-04,  5.794292767505427E-02,  1.003250692836735E+01,  5.677376552984389E-05,
2447161.500000000, A.D. 1988-Jan-01 00:00:00.0000, -1.009134675912687E+00, -9.983937344360900E+00,  2.141726651826943E-01,  5.249985709948042E-03, -5.772324746227486E-04, -1.989827361011189E-04,  5.796941223652018E-02,  1.003709258803390E+01,  4.209322223417874E-05,
2447252.500000000, A.D. 1988-Apr-01 00:00:00.0000, -5.303746929448425E-01, -1.002441256395131E+01,  1.958451153240090E-01,  5.271002719213069E-03, -3.117943108767861E-04, -2.040325752474970E-04,  5.798818859348488E-02,  1.004034361346351E+01,  2.888243535706031E-05,
2447343.500000000, A.D. 1988-Jul-01 00:00:00.0000, -5.033480443661485E-02, -1.004061765347340E+01,  1.770413143026191E-01,  5.277442783691502E-03, -4.513431944173184E-05, -2.087521387904223E-04,  5.799951384810505E-02,  1.004230452051467E+01,  1.499453046848733E-05,
2447435.500000000, A.D. 1988-Oct-01 00:00:00.0000,  4.350975303561205E-01, -1.003230943502211E+01,  1.575966380275961E-01,  5.272062711490466E-03,  2.255888913533578E-04, -2.136936698100502E-04,  5.800339550527340E-02,  1.004297660861924E+01, -2.980691437286262E-07,
2447527.500000000, A.D. 1989-Jan-01 00:00:00.0000,  9.194472640953413E-01, -9.999199538320383E+00,  1.377637810744480E-01,  5.254764956744707E-03,  4.950518995406022E-04, -2.178490972848161E-04,  5.799964999445074E-02,  1.004232809352368E+01, -1.480286008873802E-05,
2447617.500000000, A.D. 1989-Apr-01 00:00:00.0000,  1.391067467936252E+00, -9.942878934790270E+00,  1.180313191108166E-01,  5.224386122451455E-03,  7.562240312876002E-04, -2.206042809531642E-04,  5.798857449410082E-02,  1.004041043008391E+01, -2.764913167716939E-05,
2447708.500000000, A.D. 1989-Jul-01 00:00:00.0000,  1.864575489532601E+00, -9.861991113353213E+00,  9.779384745687521E-02,  5.179891713199832E-03,  1.020426886059463E-03, -2.236430113820580E-04,  5.796994348591438E-02,  1.003718457101511E+01, -4.254307199378161E-05,
2447800.500000000, A.D. 1989-Oct-01 00:00:00.0000,  2.338686855319502E+00, -9.755923766227122E+00,  7.709503469506872E-02,  5.123712573131479E-03,  1.285561011111017E-03, -2.264432966027594E-04,  5.794357620895763E-02,  1.003261921853182E+01, -5.746591366272528E-05,
2447892.500000000, A.D. 1990-Jan-01 00:00:00.0000,  2.806991534251493E+00, -9.625658442092432E+00,  5.620567504357747E-02,  5.055151977038502E-03,  1.546751478964646E-03, -2.281207950708640E-04,  5.790966271402002E-02,  1.002674727890815E+01, -7.096561735314316E-05,
2447982.500000000, A.D. 1990-Apr-01 00:00:00.0000,  3.258371182008190E+00, -9.475074819210393E+00,  3.563301104576558E-02,  4.974053943284039E-03,  1.798497209444513E-03, -2.287642481131777E-04,  5.786922249046689E-02,  1.001974527125578E+01, -8.400744043579447E-05,
2448073.500000000, A.D. 1990-Jul-01 00:00:00.0000,  3.706872026200754E+00, -9.299863129746829E+00,  1.474552599888233E-02,  4.880177051131238E-03,  2.051259736420175E-03, -2.299280768398672E-04,  5.782115169408804E-02,  1.001142207087440E+01, -9.885043323035082E-05,
2448165.500000000, A.D. 1990-Oct-01 00:00:00.0000,  4.151091754407656E+00, -9.099640779317388E+00, -6.406143221507077E-03,  4.774306037567406E-03,  2.301611662596342E-03, -2.302717319453226E-04,  5.776530867335920E-02,  1.000175315156289E+01, -1.123584782412985E-04,
2448257.500000000, A.D. 1991-Jan-01 00:00:00.0000,  4.584916220569860E+00, -8.876634522012370E+00, -2.754218161801060E-02,  4.655656037807442E-03,  2.545938444727281E-03, -2.294557620620598E-04,  5.770227143088173E-02,  9.990838591369329E+00, -1.248396198746272E-04,
2448347.500000000, A.D. 1991-Apr-01 00:00:00.0000,  4.998176321649600E+00, -8.636892568779288E+00, -4.815447802425547E-02,  4.526084639692843E-03,  2.780110854718724E-03, -2.281937542955101E-04,  5.763376941772744E-02,  9.978977835464281E+00, -1.381264872222681E-04,
2448438.500000000, A.D. 1991-Jul-01 00:00:00.0000,  5.403770566500282E+00, -8.373306950637039E+00, -6.887594190726891E-02,  4.385158229571352E-03,  3.012190910507304E-03, -2.271598697574659E-04,  5.755782861732785E-02,  9.965829093474108E+00, -1.515141643546795E-04,
2448530.500000000, A.D. 1991-Oct-01 00:00:00.0000,  5.800215228133393E+00, -8.085750363346886E+00, -8.965064299718731E-02,  4.231651470335901E-03,  3.238866072987880E-03, -2.249090102923997E-04,  5.747435699950513E-02,  9.951376430867471E+00, -1.631945090201117E-04,
2448622.500000000, A.D. 1992-Jan-01 00:00:00.0000,  6.181918276507254E+00, -7.777636319680671E+00, -1.101987548539238E-01,  4.065522215627632E-03,  3.457768535264865E-03, -2.216777010017550E-04,  5.738432598798367E-02,  9.935788044448294E+00, -1.747331406622662E-04,
2448713.500000000, A.D. 1992-Apr-01 00:00:00.0000,  6.543952310956410E+00, -7.453324214492805E+00, -1.302483877271664E-01,  3.889169041333452E-03,  3.667831913735375E-03, -2.184245508420732E-04,  5.728904246212248E-02,  9.919290213363155E+00, -1.873676640197661E-04,
2448804.500000000, A.D. 1992-Jul-01 00:00:00.0000,  6.889560417971037E+00, -7.110297564673401E+00, -1.499691027146061E-01,  3.703984758726746E-03,  3.870280624773593E-03, -2.150619582726657E-04,  5.718780043132985E-02,  9.901760699130371E+00, -1.987290472189619E-04,
2448896.500000000, A.D. 1992-Oct-01 00:00:00.0000,  7.221284406929924E+00, -6.745254890713792E+00, -1.695211552194347E-01,  3.506368922665300E-03,  4.064713505080511E-03, -2.103761352689950E-04,  5.707958221000554E-02,  9.883023294950515E+00, -2.085776949326753E-04,
2448988.500000000, A.D. 1993-Jan-01 00:00:00.0000,  7.534275249916589E+00, -6.362702368158467E+00, -1.886349444716411E-01,  3.297156624834219E-03,  4.249490078060378E-03, -2.048726178275658E-04,  5.696572301557072E-02,  9.863309186553511E+00, -2.187814306387034E-04,
2449078.500000000, A.D. 1993-Apr-01 00:00:00.0000,  7.821448193998952E+00, -5.972382868899401E+00, -2.068582638711464E-01,  3.082392906934879E-03,  4.422247149598949E-03, -1.997437911241973E-04,  5.684917515103206E-02,  9.843129549359000E+00, -2.297295812244236E-04,
2449169.500000000, A.D. 1993-Jul-01 00:00:00.0000,  8.091825781198285E+00, -5.562467154268703E+00, -2.247528276356089E-01,  2.858080114719047E-03,  4.586018070584000E-03, -1.938721318151591E-04,  5.672641047744528E-02,  9.821873505045440E+00, -2.381333070992826E-04,
2449261.500000000, A.D. 1993-Oct-01 00:00:00.0000,  8.343900829592521E+00, -5.133418828351487E+00, -2.422538794376376E-01,  2.621455359713206E-03,  4.739472746830061E-03, -1.867269099710020E-04,  5.659753272375912E-02,  9.799559013723570E+00, -2.460620689841930E-04,
2449353.500000000, A.D. 1994-Jan-01 00:00:00.0000,  8.573777304870402E+00, -4.690699420345849E+00, -2.591119170619926E-01,  2.374942487897206E-03,  4.881872849945159E-03, -1.791864571173324E-04,  5.646420877323922E-02,  9.776474687284123E+00, -2.547688075292389E-04,
2449443.500000000, A.D. 1994-Apr-01 00:00:00.0000,  8.776436776732259E+00, -4.245426658177580E+00, -2.749314988258146E-01,  2.126659951414419E-03,  5.011029954067917E-03, -1.721714520178409E-04,  5.632983486417746E-02,  9.753208566158625E+00, -2.626959292412628E-04,
2449534.500000000, A.D. 1994-Jul-01 00:00:00.0000,  8.958296047849400E+00, -3.784055440534545E+00, -2.902029870732188E-01,  1.869415440233273E-03,  5.127731575113908E-03, -1.638484420408918E-04,  5.619029104816421E-02,  9.729047303393045E+00, -2.681962812702760E-04,
2449626.500000000, A.D. 1994-Oct-01 00:00:00.0000,  9.117927299885434E+00, -3.307372877857017E+00, -3.048591526135405E-01,  1.600773063744429E-03,  5.232245900232482E-03, -1.545453425619423E-04,  5.604581936057017E-02,  9.704032806112751E+00, -2.743334913315805E-04,
2449718.500000000, A.D. 1995-Jan-01 00:00:00.0000,  9.252580849294263E+00, -2.821617731547930E+00, -3.186810249682712E-01,  1.325086520032098E-03,  5.324345508074427E-03, -1.452934113695951E-04,  5.589834651509166E-02,  9.678498674452948E+00, -2.806732091080806E-04,
2449808.500000000, A.D. 1995-Apr-01 00:00:00.0000,  9.359589680116343E+00, -2.338868415939080E+00, -3.313494195853660E-01,  1.051397438813904E-03,  5.401507345314208E-03, -1.362776986144938E-04,  5.575155946080350E-02,  9.653083283856889E+00, -2.846355608110763E-04,
2449899.500000000, A.D. 1995-Jul-01 00:00:00.0000,  9.442433276800543E+00, -1.844416311216764E+00, -3.432608743477557E-01,  7.694323468699437E-04,  5.463584579942826E-03, -1.257353398558406E-04,  5.560094999573094E-02,  9.627006063349636E+00, -2.875921007749723E-04,
2449991.500000000, A.D. 1995-Oct-01 00:00:00.0000,  9.499836697984223E+00, -1.339376354183682E+00, -3.543471310922685E-01,  4.783210117633265E-04,  5.512059851171158E-03, -1.147521933827336E-04,  5.544689757048107E-02,  9.600332712767173E+00, -2.914575046242803E-04,
2450083.500000000, A.D. 1996-Jan-01 00:00:00.0000,  9.530365612631455E+00, -8.305396869654725E-01, -3.644307861570439E-01,  1.837694785321371E-04,  5.546461674240510E-03, -1.039985073086215E-04,  5.529149413081969E-02,  9.573425441290691E+00, -2.942798252657980E-04,
2450174.500000000, A.D. 1996-Apr-01 00:00:00.0000,  9.533812689617070E+00, -3.248938759164423E-01, -3.733802499225258E-01, -1.089208470492984E-04,  5.564801462429321E-03, -9.296772925555886E-05,  5.513686025202511E-02,  9.546651415147810E+00, -2.945209197804239E-04,
2450265.500000000, A.D. 1996-Jul-01 00:00:00.0000,  9.510417173656926E+00,  1.816746628295287E-01, -3.812792863620399E-01, -4.045423586452633E-04,  5.566101838842265E-03, -8.075671615556776E-05,  5.498172552411455E-02,  9.519790669668717E+00, -2.946867378206743E-04,
2450357.500000000, A.D. 1996-Oct-01 00:00:00.0000,  9.459320434729268E+00,  6.932881970058952E-01, -3.881665207302137E-01, -7.062047974179886E-04,  5.552154456248452E-03, -6.838630956298002E-05,  5.482487091182833E-02,  9.492632135441159E+00, -2.954321839282053E-04,
2450449.500000000, A.D. 1997-Jan-01 00:00:00.0000,  9.380542582840123E+00,  1.202874474793775E+00, -3.939171710728961E-01, -1.007553573887438E-03,  5.522788867090638E-03, -5.632812022095391E-05,  5.466846366991419E-02,  9.465551060992345E+00, -2.943292804321876E-04,
2450539.500000000, A.D. 1997-Apr-01 00:00:00.0000,  9.276680960967797E+00,  1.697955951970213E+00, -3.984158348167859E-01, -1.300387909562430E-03,  5.477018351497111E-03, -4.394154610163216E-05,  5.451630402395433E-02,  9.439205434984780E+00, -2.909186440190147E-04,
2450630.500000000, A.D. 1997-Jul-01 00:00:00.0000,  9.144794515219965E+00,  2.193619165454666E+00, -4.018124581027738E-01, -1.597037971500161E-03,  5.413483367344768E-03, -3.053146321544466E-05,  5.436376249731224E-02,  9.412793688386769E+00, -2.886704397827678E-04,
2450722.500000000, A.D. 1997-Oct-01 00:00:00.0000,  8.984161316173498E+00,  2.688172496126324E+00, -4.040474627737402E-01, -1.895095014383713E-03,  5.333960906531486E-03, -1.750907475052635E-05,  5.421137920280168E-02,  9.386409338833047E+00, -2.855360042771347E-04,
2450814.500000000, A.D. 1998-Jan-01 00:00:00.0000,  8.796330748548698E+00,  3.174579244417770E+00, -4.050577463147822E-01, -2.188647885527402E-03,  5.237739929223404E-03, -4.560255029008352E-06,  5.406127644180549E-02,  9.360419851416976E+00, -2.801800668394469E-04,
2450904.500000000, A.D. 1998-Apr-01 00:00:00.0000,  8.586591922651241E+00,  3.641035109705684E+00, -4.048482424367630E-01, -2.471038449511957E-03,  5.125763301120134E-03,  8.931636076809420E-06,  5.391705422836767E-02,  9.335448549247817E+00, -2.740447436877159E-04,
2450995.500000000, A.D. 1998-Jul-01 00:00:00.0000,  8.348812212616574E+00,  4.101757591691460E+00, -4.034262076568708E-01, -2.753599653459747E-03,  4.996451759970664E-03,  2.272520453218632E-05,  5.377433530077436E-02,  9.310737532954013E+00, -2.689604783403022E-04,
2451087.500000000, A.D. 1998-Oct-01 00:00:00.0000,  8.082664147437841E+00,  4.554862026669037E+00, -4.007424215148812E-01, -3.032235965403918E-03,  4.850536248552364E-03,  3.591341552994846E-05,  5.363364821624429E-02,  9.286378319381042E+00, -2.616104472787876E-04,
2451179.500000000, A.D. 1999-Jan-01 00:00:00.0000,  7.791237158440869E+00,  4.993697163792430E+00, -3.968028335924069E-01, -3.302370638424746E-03,  4.687617173521824E-03,  4.927202278945247E-05,  5.349696504878197E-02,  9.262712362558025E+00, -2.526866247514197E-04,
2451269.500000000, A.D. 1999-Apr-01 00:00:00.0000,  7.482372323245855E+00,  5.407748164413015E+00, -3.917375825322288E-01, -3.559124390499701E-03,  4.511082028105717E-03,  6.314140437228434E-05,  5.336750642362935E-02,  9.240297296459465E+00, -2.446493944985600E-04,
2451360.500000000, A.D. 1999-Jul-01 00:00:00.0000,  7.146961194602906E+00,  5.809658395603576E+00, -3.854058669934411E-01, -3.811182159561536E-03,  4.318759125105950E-03,  7.643903813206049E-05,  5.324129634784074E-02,  9.218444699247259E+00, -2.361912356136481E-04,
2451452.500000000, A.D. 1999-Oct-01 00:00:00.0000,  6.785125800469619E+00,  6.197457903884637E+00, -3.777741862445390E-01, -4.054122377225926E-03,  4.109532739268890E-03,  8.935521297569630E-05,  5.311879880387120E-02,  9.197234906993156E+00, -2.253753761377460E-04,
2451544.500000000, A.D. 2000-Jan-01 00:00:00.0000,  6.401416890663500E+00,  6.565250734685103E+00, -3.689211141720000E-01, -4.285166238539475E-03,  3.884579926659154E-03,  1.025155282571916E-04,  5.300175211346757E-02,  9.176968900777485E+00, -2.142008418469844E-04,
2451635.500000000, A.D. 2000-Apr-01 00:00:00.0000,  6.001427034352029E+00,  6.908063682055303E+00, -3.589841538958879E-01, -4.502812426998963E-03,  3.647270078514302E-03,  1.158772908469547E-04,  5.289168475733798E-02,  9.157911328831002E+00, -2.041212571366171E-04,
2451726.500000000, A.D. 2000-Jul-01 00:00:00.0000,  5.582247211350950E+00,  7.228775883326193E+00, -3.478971701521210E-01, -4.708226170124515E-03,  3.398501135212157E-03,  1.281669389939949E-04,  5.278764266158902E-02,  9.139896998379889E+00, -1.925698154589559E-04,
2451818.500000000, A.D. 2000-Oct-01 00:00:00.0000,  5.140197387175629E+00,  7.529358339428835E+00, -3.355451356697652E-01, -4.900093719303455E-03,  3.134500151406162E-03,  1.400623099864634E-04,  5.268889131578662E-02,  9.122798732884846E+00, -1.790756710291269E-04,
2451910.500000000, A.D. 2001-Jan-01 00:00:00.0000,  4.681124810099268E+00,  7.805044778923079E+00, -3.220792227062083E-01, -5.076579314799306E-03,  2.857717741739524E-03,  1.520734705974741E-04,  5.259699207631995E-02,  9.106886872824344E+00, -1.656401542495823E-04,
2452000.500000000, A.D. 2001-Apr-01 00:00:00.0000,  4.216936087075237E+00,  8.049656043440558E+00, -3.078684270015774E-01, -5.235539985422347E-03,  2.575989833802955E-03,  1.638217415501849E-04,  5.251413516422552E-02,  9.092540643215235E+00, -1.531520135968022E-04,
2452091.500000000, A.D. 2001-Jul-01 00:00:00.0000,  3.733866862727016E+00,  8.270844193954755E+00, -2.924964095908342E-01, -5.379448610689196E-03,  2.283553021799909E-03,  1.741371622995431E-04,  5.243781978194727E-02,  9.079327044383273E+00, -1.376939220155088E-04,
2452183.500000000, A.D. 2001-Oct-01 00:00:00.0000,  3.233004996538415E+00,  8.466897652697838E+00, -2.759758881508774E-01, -5.506192137261502E-03,  1.978153491417690E-03,  1.843992488285538E-04,  5.236864736463600E-02,  9.067350211596725E+00, -1.217128774363252E-04,
2452275.500000000, A.D. 2002-Jan-01 00:00:00.0000,  2.721223153529509E+00,  8.634481970233445E+00, -2.585249088820443E-01, -5.615343495398157E-03,  1.664123007052603E-03,  1.945913682484520E-04,  5.230788763397503E-02,  9.056829990350044E+00, -1.062258373871608E-04,
2452365.500000000, A.D. 2002-Apr-01 00:00:00.0000,  2.211631926734348E+00,  8.770245884895575E+00, -2.406088637575878E-01, -5.705818065644278E-03,  1.351240814095421E-03,  2.037688506929758E-04,  5.225692729588453E-02,  9.048006481330413E+00, -9.034960420446357E-05,
2452456.500000000, A.D. 2002-Jul-01 00:00:00.0000,  1.689069902655887E+00,  8.878645548181039E+00, -2.216982753011947E-01, -5.776826985792374E-03,  1.030703689835900E-03,  2.116599434255106E-04,  5.221415283880710E-02,  9.040600313671900E+00, -7.224481660991105E-05,
2452548.500000000, A.D. 2002-Oct-01 00:00:00.0000,  1.155036744916592E+00,  8.958293909825340E+00, -2.018301640839039E-01, -5.828825760037161E-03,  7.011522645820933E-04,  2.195885232658604E-04,  5.218009815700760E-02,  9.034703928300884E+00, -5.486615416607288E-05,
2452640.500000000, A.D. 2003-Jan-01 00:00:00.0000,  6.170472017489573E-01,  9.007514670317221E+00, -1.812764915931485E-01, -5.862131524011454E-03,  3.681375849702803E-04,  2.271716834048973E-04,  5.215549809741323E-02,  9.030444560018653E+00, -3.791486004282694E-05,
2452730.500000000, A.D. 2003-Apr-01 00:00:00.0000,  8.868716267327430E-02,  9.026021217517483E+00, -1.605729609371599E-01, -5.876386691769256E-03,  4.239159297865754E-05,  2.331175588164140E-04,  5.214071548256272E-02,  9.027885029600396E+00, -1.949127850907722E-05,
2452821.500000000, A.D. 2003-Jul-01 00:00:00.0000, -4.458541062087329E-01,  9.014830943035275E+00, -1.391044164717666E-01, -5.869010064605676E-03, -2.875445546926465E-04,  2.382613854342118E-04,  5.213515094744541E-02,  9.026921560211511E+00, -9.512128128126409E-07,
2452913.500000000, A.D. 2003-Oct-01 00:00:00.0000, -9.847764572625046E-01,  8.972988841932434E+00, -1.169289538469716E-01, -5.842295195390246E-03, -6.213763680278146E-04,  2.433564852128519E-04,  5.213920493382099E-02,  9.027623486193374E+00,  1.653769996551061E-05,
2453005.500000000, A.D. 2004-Jan-01 00:00:00.0000, -1.520362250367354E+00,  8.900602244582533E+00, -9.435653945582777E-02, -5.796941256859522E-03, -9.526581112847457E-04,  2.476101069203011E-04,  5.215300243743739E-02,  9.030012449888860E+00,  3.442476960107364E-05,
2453096.500000000, A.D. 2004-Apr-01 00:00:00.0000, -2.045054568737675E+00,  8.799215564703198E+00, -7.171316889963544E-02, -5.732456766615033E-03, -1.275340230333641E-03,  2.502037889301213E-04,  5.217616990462452E-02,  9.034023772484964E+00,  5.349226448908662E-05,
2453187.500000000, A.D. 2004-Jul-01 00:00:00.0000, -2.562962705511068E+00,  8.668579035493472E+00, -4.882901933845715E-02, -5.647258356166428E-03, -1.594074129731077E-03,  2.522030340895434E-04,  5.220871299363675E-02,  9.039658433678071E+00,  7.113544733133943E-05,
2453279.500000000, A.D. 2004-Oct-01 00:00:00.0000, -3.077924481612177E+00,  8.507277524241662E+00, -2.552976183276934E-02, -5.543266176241231E-03, -1.911223228873810E-03,  2.539723112799903E-04,  5.225106096154480E-02,  9.046990757026014E+00,  8.798112233082757E-05,
2453371.500000000, A.D. 2005-Jan-01 00:00:00.0000, -3.582479901392729E+00,  8.317201681070095E+00, -2.145485812592701E-03, -5.421967247337920E-03, -2.220550197020394E-03,  2.547268472275539E-04,  5.230273515909270E-02,  9.055937866979182E+00,  1.054311943419816E-04,
2453461.500000000, A.D. 2005-Apr-01 00:00:00.0000, -4.064387072357267E+00,  8.104106900186590E+00,  2.073885047538616E-02, -5.285032187104101E-03, -2.513470216617321E-03,  2.537640064518077E-04,  5.236208028985991E-02,  9.066213157846875E+00,  1.231217407651351E-04,
2453552.500000000, A.D. 2005-Jul-01 00:00:00.0000, -4.538357876176826E+00,  7.862140241686761E+00,  4.381104163860475E-02, -5.128739694332625E-03, -2.802076506379291E-03,  2.527462450654265E-04,  5.243072061895437E-02,  9.078097862414573E+00,  1.384442887551991E-04,
2453644.500000000, A.D. 2005-Oct-01 00:00:00.0000, -5.002421032227035E+00,  7.591341014736197E+00,  6.698885059392812E-02, -4.955845660088559E-03, -3.083616214374530E-03,  2.511829506721049E-04,  5.250869341975138E-02,  9.091598434367153E+00,  1.539081150434534E-04,
2453736.500000000, A.D. 2006-Jan-01 00:00:00.0000, -5.449805576538997E+00,  7.295238369082328E+00,  8.994248403973766E-02, -4.767823205588038E-03, -3.352359465333645E-03,  2.482149820835334E-04,  5.259495780776285E-02,  9.106534650142269E+00,  1.701825367070516E-04,
2453826.500000000, A.D. 2006-Apr-01 00:00:00.0000, -5.869978109722099E+00,  6.982145418553495E+00,  1.121108269674751E-01, -4.567669691973279E-03, -3.602728027932947E-03,  2.441021442647492E-04,  5.268702677141240E-02,  9.122475897034068E+00,  1.846775614505848E-04,
2453917.500000000, A.D. 2006-Jul-01 00:00:00.0000, -6.275970045442310E+00,  6.643161726522544E+00,  1.341651553241659E-01, -4.352164001735286E-03, -3.844847318705834E-03,  2.401980146956658E-04,  5.278754183646716E-02,  9.139879541051199E+00,  1.974133851151652E-04,
2454009.500000000, A.D. 2006-Oct-01 00:00:00.0000, -6.665932898689451E+00,  6.278783229328697E+00,  1.560217916456324E-01, -4.122800338709638E-03, -4.075027202707529E-03,  2.352993026189652E-04,  5.289634611247106E-02,  9.158718417453281E+00,  2.110349596728125E-04,
2454101.500000000, A.D. 2007-Jan-01 00:00:00.0000, -7.034149548966503E+00,  5.893929546461431E+00,  1.773697561296848E-01, -3.881041155119281E-03, -4.289313444752170E-03,  2.290079754608328E-04,  5.301193627140589E-02,  9.178732233062810E+00,  2.243808492510797E-04,
2454191.500000000, A.D. 2007-Apr-01 00:00:00.0000, -7.372312188696430E+00,  5.498952622517971E+00,  1.977000057566049E-01, -3.632195269911383E-03, -4.484803119929463E-03,  2.223370467262339E-04,  5.313117522764048E-02,  9.199377818340508E+00,  2.347890977357013E-04,
2454282.500000000, A.D. 2007-Jul-01 00:00:00.0000, -7.691140674048980E+00,  5.082378848878076E+00,  2.176349882037260E-01, -3.372535958768511E-03, -4.668322920830809E-03,  2.157295379834056E-04,  5.325754008238531E-02,  9.221257214698236E+00,  2.450222412695379E-04,
2454374.500000000, A.D. 2007-Oct-01 00:00:00.0000, -7.989015291255225E+00,  4.645084199356549E+00,  2.370957162311662E-01, -3.102021531691366E-03, -4.836351609623761E-03,  2.077829748740699E-04,  5.339071921039999E-02,  9.244316465898214E+00,  2.559520185257793E-04,
2454466.500000000, A.D. 2008-Jan-01 00:00:00.0000, -8.261541289110616E+00,  4.193056565315127E+00,  2.558053637020663E-01, -2.822418758023497E-03, -4.987281480405492E-03,  1.988284064394523E-04,  5.352887491437265E-02,  9.268237384514412E+00,  2.650382182711947E-04,
2454557.500000000, A.D. 2008-Apr-01 00:00:00.0000, -8.505522714945085E+00,  3.732955248015336E+00,  2.735207207392764E-01, -2.538501291087789E-03, -5.121194842040613E-03,  1.899499203896128E-04,  5.366997642194592E-02,  9.292668353212965E+00,  2.718319835245154E-04,
2454648.500000000, A.D. 2008-Jul-01 00:00:00.0000, -8.723511428942787E+00,  3.261456337423296E+00,  2.903981023305912E-01, -2.250813455024694E-03, -5.239089733755861E-03,  1.810575247967400E-04,  5.381502656035703E-02,  9.317783006147504E+00,  2.790914152794359E-04,
2454740.500000000, A.D. 2008-Oct-01 00:00:00.0000, -8.917005667808214E+00,  2.774737759721461E+00,  3.065651066660101E-01, -1.955647512929039E-03, -5.339718433411011E-03,  1.708248743620024E-04,  5.396514708227351E-02,  9.343775568771600E+00,  2.862408797923035E-04,
2454832.500000000, A.D. 2009-Jan-01 00:00:00.0000, -9.083097523047176E+00,  2.279496058471338E+00,  3.217913553497956E-01, -1.655577994124842E-03, -5.423004880575784E-03,  1.599338158616963E-04,  5.411827485074847E-02,  9.370288819996423E+00,  2.910821106021016E-04,
2454922.500000000, A.D. 2009-Apr-01 00:00:00.0000, -9.218803964567838E+00,  1.788293752128449E+00,  3.357387572797151E-01, -1.359223731198442E-03, -5.489448710859456E-03,  1.496713241514627E-04,  5.427053366285679E-02,  9.396651616090333E+00,  2.941388982949609E-04,
2455013.500000000, A.D. 2009-Jul-01 00:00:00.0000, -9.328913083257854E+00,  1.286392195191123E+00,  3.488510942456968E-01, -1.060223273531320E-03, -5.539443620889295E-03,  1.388665463115161E-04,  5.442644553788874E-02,  9.423646920422295E+00,  2.985338371013995E-04,
2455105.500000000, A.D. 2009-Oct-01 00:00:00.0000, -9.412433433102754E+00,  7.751514062096501E-01,  3.610685276567741E-01, -7.565730893239927E-04, -5.571895973245369E-03,  1.269091085206449E-04,  5.458556415031268E-02,  9.451197454122070E+00,  3.013325814435947E-04,
2455197.500000000, A.D. 2010-Jan-01 00:00:00.0000, -9.468003745955206E+00,  2.616109615212899E-01,  3.722149494588066E-01, -4.520953277106254E-04, -5.588245332588743E-03,  1.148915389007980E-04,  5.474572339151194E-02,  9.478928167108903E+00,  3.018546316123779E-04,
2455287.500000000, A.D. 2010-Apr-01 00:00:00.0000, -9.495400496350268E+00, -2.415153561671856E-01,  3.820581740617900E-01, -1.562441665236574E-04, -5.589714301225819E-03,  1.037331687963971E-04,  5.490295600459608E-02,  9.506152150145764E+00,  3.022500414860151E-04,
2455378.500000000, A.D. 2010-Jul-01 00:00:00.0000, -9.496133174990378E+00, -7.495343621137993E-01,  3.909235464847647E-01,  1.393922284854184E-04, -5.573733764405901E-03,  9.153498294228203E-05,  5.506197811066492E-02,  9.533685974288140E+00,  3.031147663550871E-04,
2455470.500000000, A.D. 2010-Oct-01 00:00:00.0000, -9.469547434215720E+00, -1.260974384351345E+00,  3.987627951981225E-01,  4.369296407961877E-04, -5.541412594535298E-03,  7.870875626484395E-05,  5.522235109429991E-02,  9.561453695630492E+00,  3.013599805297528E-04,
2455562.500000000, A.D. 2011-Jan-01 00:00:00.0000, -9.415804160356270E+00, -1.768796123089735E+00,  4.054587668554169E-01,  7.310503871766768E-04, -5.494644657043067E-03,  6.629315257032669E-05,  5.538189204617872E-02,  9.589077355140047E+00,  2.985019229700027E-04,
2455652.500000000, A.D. 2011-Apr-01 00:00:00.0000, -9.337321464667795E+00, -2.260715608298838E+00,  4.108915461584570E-01,  1.012770190764371E-03, -5.434914761740964E-03,  5.457627015959665E-05,  5.553671850653740E-02,  9.615884725747101E+00,  2.966612849499926E-04,
2455743.500000000, A.D. 2011-Jul-01 00:00:00.0000, -9.232344670334662E+00, -2.751892744212181E+00,  4.152567101190600E-01,  1.292597562925596E-03, -5.358243211244548E-03,  4.166468828672196E-05,  5.569155366899586E-02,  9.642693603076030E+00,  2.933729984190318E-04,
2455835.500000000, A.D. 2011-Oct-01 00:00:00.0000, -9.100542240092391E+00, -3.240812316335869E+00,  4.185165543570648E-01,  1.571086911735998E-03, -5.267135797297547E-03,  2.875844469429592E-05,  5.584597413625718E-02,  9.669430678157376E+00,  2.879271529457153E-04,
2455927.500000000, A.D. 2012-Jan-01 00:00:00.0000, -8.943506573973099E+00, -3.720744110347029E+00,  4.206153399475703E-01,  1.842572809746847E-03, -5.163338895914785E-03,  1.648345824468043E-05,  5.599786146851055E-02,  9.695729154508255E+00,  2.825299574117158E-04,
2456018.500000000, A.D. 2012-Apr-01 00:00:00.0000, -8.763975304939907E+00, -4.185393067453549E+00,  4.215509630523526E-01,  2.102391900557162E-03, -5.047372227873772E-03,  4.444015480559578E-06,  5.614519279936395E-02,  9.721238783670275E+00,  2.779274815423677E-04,
2456109.500000000, A.D. 2012-Jul-01 00:00:00.0000, -8.561040934675546E+00, -4.638870903383011E+00,  4.213613703054234E-01,  2.355404025516330E-03, -4.917313900476908E-03, -8.405687181703696E-06,  5.628926079384511E-02,  9.746183383654831E+00,  2.711350853648821E-04,
2456201.500000000, A.D. 2012-Oct-01 00:00:00.0000, -8.332825763169577E+00, -5.084839386744456E+00,  4.200363224807009E-01,  2.604191076276251E-03, -4.774606997000435E-03, -2.090259531598700E-05,  5.643127924855330E-02,  9.770773116828241E+00,  2.629330700833586E-04,
2456293.500000000, A.D. 2013-Jan-01 00:00:00.0000, -8.082220046797154E+00, -5.517143745969107E+00,  4.175816177315323E-01,  2.843407618124600E-03, -4.621127031412652E-03, -3.269160713062329E-05,  5.656928728963159E-02,  9.794668468406835E+00,  2.553148830038573E-04,
2456383.500000000, A.D. 2013-Apr-01 00:00:00.0000, -7.816191500215157E+00, -5.925815175704753E+00,  4.140999355053681E-01,  3.066785940413042E-03, -4.459333046077673E-03, -4.432800511988925E-05,  5.670006510254578E-02,  9.817311944785800E+00,  2.481576451042408E-04,
2456474.500000000, A.D. 2013-Jul-01 00:00:00.0000, -7.527060424833216E+00, -6.323757282766323E+00,  4.095141037369543E-01,  3.285188688069151E-03, -4.284541711025272E-03, -5.654620577517015E-05,  5.682776838819122E-02,  9.839423083270177E+00,  2.381675833762900E-04,
2456566.500000000, A.D. 2013-Oct-01 00:00:00.0000, -7.215062095089178E+00, -6.709524902701272E+00,  4.038068253876352E-01,  3.496234002419130E-03, -4.099211560593222E-03, -6.799047547174100E-05,  5.695197171370922E-02,  9.860928222443908E+00,  2.282504802788554E-04,
2456658.500000000, A.D. 2014-Jan-01 00:00:00.0000, -6.884205709316057E+00, -7.077756034902295E+00,  3.970425597658327E-01,  3.695633539765336E-03, -3.904735130893122E-03, -7.889244768527758E-05,  5.707093614633036E-02,  9.881526275431396E+00,  2.189881809439132E-04,
2456748.500000000, A.D. 2014-Apr-01 00:00:00.0000, -6.543228183132617E+00, -7.420201771305604E+00,  3.894259549943735E-01,  3.879509365146515E-03, -3.704267885671330E-03, -9.003971668870324E-05,  5.718197227707966E-02,  9.900751585503549E+00,  2.087554961244114E-04,
2456839.500000000, A.D. 2014-Jul-01 00:00:00.0000, -6.182027133452386E+00, -7.747815823999981E+00,  3.807489034684390E-01,  4.056765626439975E-03, -3.493876530290238E-03, -1.010166606312812E-04,  5.728868173074946E-02,  9.919227754662074E+00,  1.968313216813596E-04,
2456931.500000000, A.D. 2014-Oct-01 00:00:00.0000, -5.801077824579681E+00, -8.059244729988016E+00,  3.710036632010512E-01,  4.223935473293437E-03, -3.274725405085594E-03, -1.110678963879161E-04,  5.739062943788489E-02,  9.936879452966023E+00,  1.858962332023239E-04,
2457023.500000000, A.D. 2015-Jan-01 00:00:00.0000, -5.405313185445199E+00, -8.350093624330221E+00,  3.603093935541996E-01,  4.378243637408554E-03, -3.047908073216860E-03, -1.209045959086552E-04,  5.748637068856335E-02,  9.953456536646518E+00,  1.749117645008074E-04,
2457113.500000000, A.D. 2015-Apr-01 00:00:00.0000, -5.004850888934037E+00, -8.614099734544499E+00,  3.489618421878422E-01,  4.518322166098970E-03, -2.818008528874100E-03, -1.310710574548761E-04,  5.757384219642469E-02,  9.968601758744631E+00,  1.620426868736891E-04,
2457204.500000000, A.D. 2015-Jul-01 00:00:00.0000, -4.587631728775030E+00, -8.859845837602874E+00,  3.366315806161420E-01,  4.649608763834806E-03, -2.581212004721628E-03, -1.403273801491928E-04,  5.765591906802974E-02,  9.982812928529738E+00,  1.493776481175398E-04,
2457296.500000000, A.D. 2015-Oct-01 00:00:00.0000, -4.154344992088366E+00, -9.086101117916591E+00,  3.233212890097722E-01,  4.768741790830386E-03, -2.336881261291538E-03, -1.488856793176005E-04,  5.773217845127381E-02,  9.996016831429497E+00,  1.374550460227769E-04,
2457388.500000000, A.D. 2016-Jan-01 00:00:00.0000, -3.710637850378867E+00, -9.289569433157130E+00,  3.091990731378936E-01,  4.874750391005278E-03, -2.086615906689840E-03, -1.574898601194673E-04,  5.780152410915646E-02,  1.000802365989114E+01,  1.245634859688203E-04,
2457479.500000000, A.D. 2016-Apr-01 00:00:00.0000, -3.262627804289646E+00, -9.467996648201423E+00,  2.944715420174122E-01,  4.968657131368570E-03, -1.833956031508480E-03, -1.661559767871338E-04,  5.786320410384599E-02,  1.001870321991501E+01,  1.102021311092780E-04,
2457570.500000000, A.D. 2016-Jul-01 00:00:00.0000, -2.806674978009700E+00, -9.623354479155287E+00,  2.790276052023099E-01,  5.050775716704672E-03, -1.579177147283705E-03, -1.736408950442949E-04,  5.791789081553736E-02,  1.002817193052297E+01,  9.699126158860898E-05,
2457662.500000000, A.D. 2016-Oct-01 00:00:00.0000, -2.338788346890779E+00, -9.756645917855328E+00,  2.627231624856452E-01,  5.119512262710557E-03, -1.318601050836836E-03, -1.804980363378407E-04,  5.796592117070788E-02,  1.003648812872618E+01,  8.411776234652816E-05,
2457754.500000000, A.D. 2017-Jan-01 00:00:00.0000, -1.865110336340189E+00, -9.865767926408326E+00,  2.457673802568250E-01,  5.175097704745914E-03, -1.054146857424189E-03, -1.874911022818867E-04,  5.800656865091013E-02,  1.004352602175494E+01,  6.987195895727795E-05,
2457844.500000000, A.D. 2017-Apr-01 00:00:00.0000, -1.397265846418547E+00, -9.948925301628401E+00,  2.285941805683210E-01,  5.218814775224704E-03, -7.930612502615396E-04, -1.942326706544777E-04,  5.803913799647491E-02,  1.004916522912920E+01,  5.509263938356390E-05,
2457935.500000000, A.D. 2017-Jul-01 00:00:00.0000, -9.208862474199668E-01, -1.000911611300115E+01,  2.106813457815529E-01,  5.249887449085337E-03, -5.293983379053141E-04, -1.995781313398641E-04,  5.806473688266627E-02,  1.005359753887567E+01,  4.199619995000279E-05,
2458027.500000000, A.D. 2017-Oct-01 00:00:00.0000, -4.370274399907341E-01, -1.004543186976641E+01,  1.920537701603739E-01,  5.266940697701194E-03, -2.609964120491110E-04, -2.047812646330282E-04,  5.808304692774801E-02,  1.005676782490559E+01,  2.791106016858995E-05,
2458119.500000000, A.D. 2018-Jan-01 00:00:00.0000,  4.789734270644876E-02, -1.005701578869786E+01,  1.729539827294794E-01,  5.271615539820981E-03,  8.862372960977510E-06, -2.100595394827878E-04,  5.809372625716605E-02,  1.005861689347489E+01,  1.262964070657746E-05,
2458209.500000000, A.D. 2018-Apr-01 00:00:00.0000,  5.221576715627559E-01, -1.004440398805452E+01,  1.538595806739961E-01,  5.265293516681796E-03,  2.720027201648254E-04, -2.145028334641889E-04,  5.809676909700632E-02,  1.005914374486131E+01, -1.570225143512911E-06,
2458300.500000000, A.D. 2018-Jul-01 00:00:00.0000,  1.000412437514227E+00, -1.000760057630684E+01,  1.341832762151862E-01,  5.244581744995860E-03,  5.363392694026721E-04, -2.177510806546280E-04,  5.809232685739593E-02,  1.005837459491572E+01, -1.490727217434044E-05,
2458392.500000000, A.D. 2018-Oct-01 00:00:00.0000,  1.481453073584735E+00, -9.945894698670132E+00,  1.139617635078614E-01,  5.210183732162623E-03,  8.038724005252498E-04, -2.212059420735557E-04,  5.808015609125327E-02,  1.005626729208259E+01, -3.001079360057782E-05,
2458484.500000000, A.D. 2019-Jan-01 00:00:00.0000,  1.958822846904468E+00, -9.859694809731153E+00,  9.346112770484789E-02,  5.164140821910049E-03,  1.070076261350459E-03, -2.244506026348220E-04,  5.806027885869651E-02,  1.005282565595297E+01, -4.535697280599738E-05,
2458574.500000000, A.D. 2019-Apr-01 00:00:00.0000,  2.421120098291071E+00, -9.751843544923972E+00,  7.318431241753284E-02,  5.107508054384024E-03,  1.326797274066006E-03, -2.264024006649215E-04,  5.803336435387063E-02,  1.004816555390128E+01, -5.865728731590406E-05,
2458665.500000000, A.D. 2019-Jul-01 00:00:00.0000,  2.882704566274642E+00, -9.619356121085557E+00,  5.250413749893097E-02,  5.035606315953532E-03,  1.583776961263366E-03, -2.276840944163152E-04,  5.799861504613593E-02,  1.004214889777787E+01, -7.276367341691307E-05,
2458757.500000000, A.D. 2019-Oct-01 00:00:00.0000,  3.342236556196258E+00, -9.461740767337190E+00,  3.146832338082999E-02,  4.951040276612085E-03,  1.841625726185981E-03, -2.291982438531396E-04,  5.795584408310870E-02,  1.003474333509540E+01, -8.815869652588308E-05,
2458849.500000000, A.D. 2020-Jan-01 00:00:00.0000,  3.793446245678627E+00, -9.280656578178666E+00,  1.035619944128105E-02,  4.855156276751258E-03,  2.095215291687027E-03, -2.300751234587805E-04,  5.790541942900420E-02,  1.002601257688275E+01, -1.026910673850156E-04,
2458940.500000000, A.D. 2020-Apr-01 00:00:00.0000,  4.230438984225152E+00, -9.078824437357428E+00, -1.055175860037394E-02,  4.747933653496459E-03,  2.340305166024995E-03, -2.296461989681369E-04,  5.784803056593443E-02,  1.001607600326694E+01, -1.157092795903866E-04,
2459031.500000000, A.D. 2020-Jul-01 00:00:00.0000,  4.657078359937360E+00, -8.854817142110205E+00, -3.143605179948241E-02,  4.626980715032193E-03,  2.581229189014656E-03, -2.288408412742600E-04,  5.778323215105989E-02,  1.000485650552562E+01, -1.300275378781953E-04,
2459123.500000000, A.D. 2020-Oct-01 00:00:00.0000,  5.076783991664113E+00, -8.606290513030777E+00, -5.247030856936492E-02,  4.493888584754176E-03,  2.820414436925105E-03, -2.281426019335187E-04,  5.771032627950280E-02,  9.992233245175070E+00, -1.447958264884211E-04,
