 9.25000e+02  8.88155e-01
 9.50000e+02  2.08925e+00
 9.75000e+02  1.25388e+00
 1.00000e+03  2.49374e+00
 1.02500e+03  1.88967e+00
 1.05000e+03  3.55482e+00
 1.07500e+03  3.32855e+00
 1.10000e+03  3.38276e+00
 1.12500e+03  2.93166e+00
 1.15000e+03  3.02337e+00
 1.17500e+03  2.35612e+00
 1.20000e+03  2.43821e+00
 1.22500e+03  2.41250e+00
 1.25000e+03  3.00592e+00
 1.27500e+03  3.11522e+00
 1.30000e+03  2.80321e+00
 1.32500e+03  3.04021e+00
 1.35000e+03  3.08228e+00
 1.37500e+03  2.87377e+00
 1.40000e+03  2.34038e+00
 1.42500e+03  2.73166e+00
 1.45000e+03  2.87842e+00
 1.47500e+03  2.76542e+00
 1.50000e+03  2.80562e+00
 1.52500e+03  2.65585e+00
 1.55000e+03  2.32933e+00
 1.57500e+03  2.61729e+00
 1.60000e+03  2.70020e+00
 1.62500e+03  2.62996e+00
 1.65000e+03  2.70364e+00
 1.67500e+03  2.80778e+00
 1.70000e+03  2.85651e+00
 1.72500e+03  2.76086e+00
 1.75000e+03  2.93144e+00
 1.77500e+03  2.91152e+00
 1.80000e+03  3.08640e+00
 1.82500e+03  2.99478e+00
 1.85000e+03  2.80020e+00
 1.87500e+03  2.98657e+00
 1.90000e+03  2.81364e+00
 1.92500e+03  2.72806e+00
 1.95000e+03  2.80717e+00
 1.97500e+03  2.93444e+00
 2.00000e+03  2.77300e+00
 2.02500e+03  2.79521e+00
 2.05000e+03  2.62575e+00
 2.07500e+03  2.75949e+00
 2.10000e+03  2.64726e+00
 2.12500e+03  2.72677e+00
 2.15000e+03  2.73003e+00
 2.17500e+03  2.72225e+00
 2.20000e+03  2.84255e+00
 2.22500e+03  2.74535e+00
 2.25000e+03  2.80444e+00
 2.27500e+03  2.91725e+00
 2.30000e+03  2.91663e+00
 2.32500e+03  2.61157e+00
 2.35000e+03  2.89354e+00
 2.37500e+03  2.92364e+00
 2.40000e+03  2.90472e+00
 2.42500e+03  3.06818e+00
 2.45000e+03  3.13170e+00
 2.47500e+03  3.00718e+00
 2.50000e+03  2.98820e+00
 2.52500e+03  2.83523e+00
 2.55000e+03  2.97185e+00
 2.57500e+03  3.08614e+00
 2.60000e+03  2.96692e+00
 2.62500e+03  2.98139e+00
 2.65000e+03  3.48666e+00
 2.67500e+03  3.28505e+00
 2.70000e+03  3.17626e+00
 2.72500e+03  2.96935e+00
 2.75000e+03  2.75560e+00
 2.77500e+03  3.04858e+00
 2.80000e+03  2.36383e+00
 2.82500e+03  3.13097e+00
 2.85000e+03  2.73039e+00
 2.87500e+03  3.15417e+00
 2.90000e+03  3.28956e+00
 2.92500e+03  3.38622e+00
 2.95000e+03  3.22168e+00
 2.97500e+03  3.25896e+00
 3.00000e+03  3.25077e+00
 3.02500e+03  3.28061e+00
 3.05000e+03  3.32305e+00
 3.07500e+03  3.35834e+00
 3.10000e+03  3.39963e+00
 3.12500e+03  3.38039e+00
 3.15000e+03  3.33303e+00
 3.17500e+03  3.37877e+00
 3.20000e+03  3.29730e+00
 3.22500e+03  3.17686e+00
 3.25000e+03  3.53951e+00
 3.27500e+03  3.77314e+00
 3.30000e+03  3.65696e+00
 3.32500e+03  3.69964e+00
 3.35000e+03  3.46379e+00
 3.37500e+03  3.55036e+00
 3.40000e+03  3.89899e+00
 3.42500e+03  3.71780e+00
 3.45000e+03  3.87333e+00
 3.47500e+03  3.24275e+00
 3.50000e+03  3.80007e+00
 3.52500e+03  3.25500e+00
 3.55000e+03  4.00531e+00
 3.57500e+03  3.48787e+00
 3.60000e+03  4.06049e+00
 3.62500e+03  4.15756e+00
 3.65000e+03  3.80834e+00
 3.67500e+03  4.28068e+00
 3.70000e+03  4.59848e+00
 3.72500e+03  4.23462e+00
 3.75000e+03  2.91601e+00
 3.77500e+03  4.52549e+00
 3.80000e+03  3.59843e+00
 3.82500e+03  4.23719e+00
 3.85000e+03  5.07818e+00
 3.87500e+03  4.76292e+00
 3.92500e+03  5.13671e+00
 3.97500e+03  5.17726e+00
 4.02500e+03  6.90303e+00
 4.07500e+03  6.61654e+00
 4.12500e+03  6.53494e+00
 4.17500e+03  7.01571e+00
 4.22500e+03  7.11270e+00
 4.27500e+03  6.95877e+00
 4.32500e+03  6.50875e+00
 4.37500e+03  7.28819e+00
 4.42500e+03  7.63995e+00
 4.47500e+03  7.98822e+00
 4.52500e+03  8.27141e+00
 4.57500e+03  8.30645e+00
 4.62500e+03  8.54196e+00
 4.67500e+03  8.45816e+00
 4.72500e+03  8.49824e+00
 4.77500e+03  8.80628e+00
 4.82500e+03  8.89642e+00
 4.87500e+03  8.52609e+00
 4.92500e+03  8.78306e+00
 4.97500e+03  8.79840e+00
 5.02500e+03  8.44329e+00
 5.07500e+03  8.78493e+00
 5.12500e+03  8.67499e+00
 5.17500e+03  8.17876e+00
 5.22500e+03  8.67173e+00
 5.27500e+03  8.73025e+00
 5.32500e+03  9.06783e+00
 5.37500e+03  9.17434e+00
 5.42500e+03  9.07019e+00
 5.47500e+03  9.15601e+00
 5.52500e+03  9.20934e+00
 5.57500e+03  9.26499e+00
 5.62500e+03  9.36754e+00
 5.67500e+03  9.32498e+00
 5.72500e+03  9.49561e+00
 5.77500e+03  9.56708e+00
 5.82500e+03  9.87283e+00
 5.87500e+03  9.28618e+00
 5.92500e+03  9.56058e+00
 5.97500e+03  9.63095e+00
 6.02500e+03  9.68499e+00
 6.07500e+03  9.76638e+00
 6.12500e+03  9.60159e+00
 6.17500e+03  9.40225e+00
 6.22500e+03  9.35927e+00
 6.27500e+03  9.27202e+00
 6.32500e+03  9.47436e+00
 6.37500e+03  9.62814e+00
 6.42500e+03  9.71683e+00
 6.47500e+03  9.54727e+00
 6.52500e+03  9.76686e+00
 6.57500e+03  9.40176e+00
 6.62500e+03  9.59864e+00
 6.67500e+03  9.52805e+00
 6.72500e+03  9.41988e+00
 6.77500e+03  9.45128e+00
 6.82500e+03  9.44494e+00
 6.87500e+03  9.26821e+00
 6.92500e+03  9.42112e+00
 6.97500e+03  9.48814e+00
 7.02500e+03  9.50730e+00
 7.07500e+03  9.32862e+00
 7.12500e+03  9.12651e+00
 7.17500e+03  8.95801e+00
 7.22500e+03  9.17231e+00
 7.27500e+03  9.26105e+00
 7.32500e+03  9.47544e+00
 7.37500e+03  9.50050e+00
 7.42500e+03  9.50970e+00
 7.47500e+03  9.58099e+00
 7.52500e+03  9.69713e+00
 7.57500e+03  9.61851e+00
 7.62500e+03  9.41721e+00
 7.67500e+03  9.01593e+00
 7.72500e+03  9.02800e+00
 7.77500e+03  9.05279e+00
 7.82500e+03  9.19651e+00
 7.87500e+03  9.19086e+00
 7.92500e+03  8.88076e+00
 7.97500e+03  9.00815e+00
 8.02500e+03  9.15043e+00
 8.07500e+03  9.07974e+00
 8.12500e+03  9.14675e+00
 8.17500e+03  8.81148e+00
 8.22500e+03  8.95677e+00
 8.27500e+03  9.00940e+00
 8.32500e+03  8.79956e+00
 8.37500e+03  8.83194e+00
 8.42500e+03  8.77413e+00
 8.47500e+03  8.58515e+00
 8.52500e+03  8.15860e+00
 8.57500e+03  8.62811e+00
 8.62500e+03  8.56391e+00
 8.67500e+03  7.89739e+00
 8.72500e+03  8.42379e+00
 8.77500e+03  8.39098e+00
 8.82500e+03  8.27606e+00
 8.87500e+03  8.11803e+00
 8.92500e+03  8.16395e+00
 8.97500e+03  7.84593e+00
 9.02500e+03  7.99465e+00
 9.07500e+03  8.07778e+00
 9.12500e+03  7.93601e+00
 9.17500e+03  7.70838e+00
 9.20000e+03  7.94852e+00
 9.30000e+03  7.14400e+00
 9.40000e+03  7.88051e+00
 9.50000e+03  7.78747e+00
 9.60000e+03  7.69721e+00
 9.70000e+03  7.57264e+00
 9.80000e+03  7.40511e+00
 9.90000e+03  7.26840e+00
 1.00000e+04  7.20640e+00
 1.01000e+04  6.97675e+00
 1.02000e+04  6.80855e+00
 1.03000e+04  6.72708e+00
 1.04000e+04  6.53516e+00
 1.05000e+04  6.39480e+00
 1.06000e+04  6.29838e+00
 1.07000e+04  6.15328e+00
 1.08000e+04  6.06038e+00
 1.09000e+04  5.86707e+00
 1.10000e+04  5.72853e+00
 1.11000e+04  5.62052e+00
 1.12000e+04  5.57911e+00
 1.13000e+04  5.44128e+00
 1.14000e+04  5.26471e+00
 1.15000e+04  5.27501e+00
 1.16000e+04  5.15224e+00
 1.17000e+04  5.04353e+00
 1.18000e+04  4.92808e+00
 1.19000e+04  4.82572e+00
 1.20000e+04  4.68334e+00
 1.21000e+04  4.59955e+00
 1.22000e+04  4.57150e+00
 1.23000e+04  4.45835e+00
 1.24000e+04  4.37838e+00
 1.25000e+04  4.26888e+00
 1.26000e+04  4.22193e+00
 1.27000e+04  4.11023e+00
 1.28000e+04  3.99468e+00
 1.29000e+04  3.97202e+00
 1.30000e+04  3.92493e+00
 1.31000e+04  3.84619e+00
 1.32000e+04  3.76677e+00
 1.33000e+04  3.67276e+00
 1.34000e+04  3.62428e+00
 1.35000e+04  3.60171e+00
 1.36000e+04  3.46372e+00
 1.37000e+04  3.44662e+00
 1.38000e+04  3.41108e+00
 1.39000e+04  3.32160e+00
 1.40000e+04  3.21408e+00
 1.41000e+04  3.12394e+00
 1.42000e+04  3.08661e+00
 1.43000e+04  3.04137e+00
 1.44000e+04  3.00350e+00
 1.45000e+04  2.93783e+00
 1.46000e+04  2.90842e+00
 1.47000e+04  2.82021e+00
 1.48000e+04  2.79952e+00
 1.49000e+04  2.78471e+00
 1.50000e+04  2.71106e+00
 1.51000e+04  2.67737e+00
 1.52000e+04  2.67081e+00
 1.53000e+04  2.65688e+00
 1.54000e+04  2.59865e+00
 1.55000e+04  2.56312e+00
 1.56000e+04  2.48987e+00
 1.57000e+04  2.49112e+00
 1.58000e+04  2.35417e+00
 1.59000e+04  2.36194e+00
 1.60000e+04  2.34308e+00
 1.61000e+04  2.32643e+00
 1.62000e+04  2.25811e+00
 1.63000e+04  2.23376e+00
 1.64000e+04  2.21001e+00
 1.65000e+04  2.14692e+00
 1.66000e+04  2.08778e+00
 1.67000e+04  2.06613e+00
 1.68000e+04  2.01654e+00
 1.69000e+04  1.95224e+00
 1.70000e+04  1.92189e+00
 1.71000e+04  1.86991e+00
 1.72000e+04  1.82552e+00
 1.73000e+04  1.75813e+00
 1.74000e+04  1.71517e+00
 1.75000e+04  1.68955e+00
 1.76000e+04  1.64613e+00
 1.77000e+04  1.57517e+00
 1.78000e+04  1.55180e+00
 1.79000e+04  1.49412e+00
 1.80000e+04  1.42600e+00
 1.81000e+04  1.41009e+00
 1.82000e+04  1.36078e+00
 1.83000e+04  1.30803e+00
 1.84000e+04  1.28676e+00
 1.85000e+04  1.27510e+00
 1.86000e+04  1.23594e+00
 1.87000e+04  1.17799e+00
 1.88000e+04  1.15431e+00
 1.89000e+04  1.11953e+00
 1.90000e+04  1.10392e+00
 1.91000e+04  1.08744e+00
 1.92000e+04  1.04453e+00
 1.93000e+04  1.03349e+00
 1.94000e+04  9.81335e-01
 1.95000e+04  9.47335e-01
 1.96000e+04  9.40255e-01
 1.97000e+04  9.11797e-01
 1.98000e+04  8.74869e-01
 1.99000e+04  8.56826e-01
 2.00000e+04  8.47226e-01
 2.01000e+04  8.36381e-01
 2.02000e+04  8.16073e-01
 2.03000e+04  7.81174e-01
 2.04000e+04  7.58025e-01
 2.05000e+04  7.36050e-01
 2.06000e+04  7.15018e-01
 2.07000e+04  6.90499e-01
 2.08000e+04  6.88324e-01
 2.09000e+04  6.72606e-01
 2.10000e+04  6.48608e-01
 2.11000e+04  6.35432e-01
 2.12000e+04  6.18240e-01
 2.13000e+04  6.08108e-01
 2.14000e+04  5.87335e-01
 2.15000e+04  5.72529e-01
 2.16000e+04  5.57787e-01
 2.17000e+04  5.36981e-01
 2.18000e+04  5.23135e-01
 2.19000e+04  5.09406e-01
 2.20000e+04  4.89741e-01
 2.21000e+04  4.76400e-01
 2.22000e+04  4.71105e-01
 2.23000e+04  4.59889e-01
 2.24000e+04  4.51735e-01
 2.25000e+04  4.39111e-01
 2.26000e+04  4.22092e-01
 2.27000e+04  4.13280e-01
 2.28000e+04  4.10289e-01
 2.29000e+04  3.70107e-01
 2.30000e+04  3.49698e-01
 2.31000e+04  3.73074e-01
 2.32000e+04  3.33461e-01
 2.33000e+04  3.19691e-01
 2.34000e+04  3.32195e-01
 2.35000e+04  2.95911e-01
 2.36000e+04  2.89553e-01
 2.37000e+04  2.99893e-01
 2.38000e+04  2.71396e-01
 2.39000e+04  2.64559e-01
 2.40000e+04  2.74253e-01
 2.41000e+04  2.48658e-01
 2.42000e+04  2.37600e-01
 2.43000e+04  2.39086e-01
 2.44000e+04  2.27800e-01
 2.45000e+04  2.18993e-01
 2.46000e+04  2.15618e-01
 2.47000e+04  2.11489e-01
 2.48000e+04  1.93937e-01
 2.49000e+04  1.78487e-01
 2.50000e+04  1.79109e-01
 2.51000e+04  1.73851e-01
 2.52000e+04  1.70054e-01
 2.53000e+04  1.72024e-01
 2.54000e+04  1.69028e-01
 2.55000e+04  1.67256e-01
 2.56000e+04  1.65834e-01
 2.57000e+04  1.65361e-01
 2.58000e+04  1.62577e-01
 2.59000e+04  1.58412e-01
 2.60000e+04  1.58066e-01
 2.61000e+04  1.55050e-01
 2.62000e+04  1.50646e-01
 2.63000e+04  1.50646e-01
 2.64000e+04  1.48565e-01
 2.65000e+04  1.45930e-01
 2.66000e+04  1.45840e-01
 2.67000e+04  1.43072e-01
 2.68000e+04  1.37472e-01
 2.69000e+04  1.33698e-01
 2.70000e+04  1.32758e-01
 2.71000e+04  1.29622e-01
 2.72000e+04  1.29397e-01
 2.73000e+04  1.28112e-01
 2.74000e+04  1.26116e-01
 2.75000e+04  1.24085e-01
 2.76000e+04  1.18976e-01
 2.77000e+04  1.16590e-01
 2.78000e+04  1.15678e-01
 2.79000e+04  1.15003e-01
 2.80000e+04  1.12701e-01
 2.81000e+04  1.09539e-01
 2.82000e+04  1.08009e-01
 2.83000e+04  1.05748e-01
 2.84000e+04  9.95194e-02
 2.85000e+04  9.70907e-02
 2.86000e+04  9.79723e-02
 2.87000e+04  9.49524e-02
 2.88000e+04  9.21384e-02
 2.89000e+04  8.95481e-02
 2.90000e+04  8.89407e-02
 2.91000e+04  8.83183e-02
 2.92000e+04  8.42650e-02
 2.93000e+04  8.12815e-02
 2.94000e+04  7.85834e-02
 2.95000e+04  7.55705e-02
 2.96000e+04  7.37834e-02
 2.97000e+04  7.26848e-02
 2.98000e+04  7.14349e-02
 2.99000e+04  6.99470e-02
 3.00000e+04  6.83475e-02
 3.01000e+04  6.64783e-02
 3.02000e+04  6.46838e-02
 3.03000e+04  6.30323e-02
 3.04000e+04  6.19618e-02
 3.05000e+04  6.13217e-02
 3.06000e+04  6.05467e-02
 3.07000e+04  5.98846e-02
 3.08000e+04  5.89929e-02
 3.09000e+04  5.77119e-02
 3.10000e+04  5.64186e-02
 3.11000e+04  5.48404e-02
 3.12000e+04  5.32718e-02
 3.13000e+04  5.21105e-02
 3.14000e+04  5.12216e-02
 3.15000e+04  5.05002e-02
 3.16000e+04  4.96988e-02
 3.17000e+04  4.88575e-02
 3.18000e+04  4.79444e-02
 3.19000e+04  4.70438e-02
 3.20000e+04  4.61717e-02
 3.21000e+04  4.53334e-02
 3.22000e+04  4.46155e-02
 3.23000e+04  4.39336e-02
 3.24000e+04  4.31636e-02
 3.25000e+04  4.22512e-02
 3.26000e+04  4.12585e-02
 3.27000e+04  4.02976e-02
 3.28000e+04  3.94799e-02
 3.29000e+04  3.88150e-02
 3.30000e+04  3.82412e-02
 3.31000e+04  3.76794e-02
 3.32000e+04  3.70785e-02
 3.33000e+04  3.65339e-02
 3.34000e+04  3.61024e-02
 3.35000e+04  3.55302e-02
 3.36000e+04  3.46288e-02
 3.37000e+04  3.37235e-02
 3.38000e+04  3.31417e-02
 3.39000e+04  3.27693e-02
 3.40000e+04  3.24370e-02
 3.41000e+04  3.21826e-02
 3.42000e+04  3.20386e-02
 3.43000e+04  3.18040e-02
 3.44000e+04  3.13076e-02
 3.45000e+04  3.06977e-02
 3.46000e+04  3.01221e-02
 3.47000e+04  2.94351e-02
 3.48000e+04  2.85322e-02
 3.49000e+04  2.77007e-02
 3.50000e+04  2.71983e-02
 3.51000e+04  2.68493e-02
 3.52000e+04  2.64187e-02
 3.53000e+04  2.58624e-02
 3.54000e+04  2.52296e-02
 3.55000e+04  2.47390e-02
 3.56000e+04  2.45424e-02
 3.57000e+04  2.43472e-02
 3.58000e+04  2.38802e-02
 3.59000e+04  2.33731e-02
 3.60000e+04  2.30606e-02
 3.61000e+04  2.27181e-02
 3.62000e+04  2.21110e-02
 3.63000e+04  2.13916e-02
 3.64000e+04  2.07499e-02
 3.65000e+04  2.01843e-02
 3.66000e+04  1.96606e-02
 3.67000e+04  1.91816e-02
 3.68000e+04  1.87661e-02
 3.69000e+04  1.84241e-02
 3.70000e+04  1.81403e-02
 3.71000e+04  1.78862e-02
 3.72000e+04  1.76134e-02
 3.73000e+04  1.72389e-02
 3.74000e+04  1.67435e-02
 3.75000e+04  1.62491e-02
 3.76000e+04  1.58730e-02
 3.77000e+04  1.55869e-02
 3.78000e+04  1.53203e-02
 3.79000e+04  1.50704e-02
 3.80000e+04  1.48445e-02
 3.81000e+04  1.46251e-02
 3.82000e+04  1.44051e-02
 3.83000e+04  1.42053e-02
 3.84000e+04  1.40435e-02
 3.85000e+04  1.39013e-02
 3.86000e+04  1.37521e-02
 3.87000e+04  1.35971e-02
 3.88000e+04  1.34393e-02
 3.89000e+04  1.32500e-02
 3.90000e+04  1.30044e-02
 3.91000e+04  1.27248e-02
 3.92000e+04  1.24378e-02
 3.93000e+04  1.21409e-02
 3.94000e+04  1.18335e-02
 3.95000e+04  1.15435e-02
 3.96000e+04  1.12916e-02
 3.97000e+04  1.10647e-02
 3.98000e+04  1.08500e-02
 3.99000e+04  1.06632e-02
 4.00000e+04  1.05154e-02
