1, NaN, NaN
2, NaN, NaN
3, NaN, NaN
4, NaN, NaN
5, NaN, NaN
6, NaN, NaN
7, NaN, NaN
8, NaN, NaN
9, NaN, NaN
10, NaN, NaN
11, NaN, NaN
12, NaN, NaN
13, NaN, NaN
14, NaN, NaN
15, NaN, NaN
16, NaN, NaN
17, NaN, NaN
18, NaN, NaN
19, NaN, NaN
20, NaN, NaN
21, NaN, NaN
22, NaN, NaN
23, NaN, NaN
24, NaN, NaN
25, NaN, NaN
26, NaN, NaN
27, NaN, NaN
28, NaN, NaN
29, 117, 2
30, 117, 4
31, 117, 4
32, 117,5. 4.5
33, 118, 6
34, 118, 7
35, 118, 8
36, 118.5, 9
37, 119, 10
38, 119, 11
39, 119, 12
40, 119.5, 12.5
41, 119.5, 13.5
42, 120, 15
43, 120, 16
44, 120, 17
45, 120.5, 18
46, 121, 19
47, 121, 20
48, 121, 21
49, 121, 22
50, 122, 22.5
51, 122, 24
52, 122, 25
53, 122.5, 25.5
54, 122.5, 26.5
55, 123, 28
56, 123, 29
57, 123.5, 29.5
58, 123.5, 31
59, 124, 31.5
60, 124, 33
61, 124, 34
62, 124.5, 35
63, 124.5, 35.5
64, 125, 37
65, 125, 38
66, 125.5, 38.5
67, 125.5, 40
68, 126, 41
69, 126, 42
70, 126.5, 42.5
71, 126.5, 43.5
72, 126.5, 44.5
73, 127, 46
74, 127.5, 46.5
75, 127.5, 47.5
76, 127.5, 48.5
77, 128, 50
78, 128, 51
79, 128.5, 51.5
80, 128.5, 52.5
81, 128.5, 53.5
82, 129.5, 54.5
83, 129.5, 55.5
84, 129.5, 56.5
85, 129.5, 57.5
86, 130, 58.5
87, 130.5, 59.5
88, 130.5, 60.5
89, 130.5, 61.5
90, 131, 62
91, 131.5, 63.5
92, 131.5, 64.5
93, 131.5, 65
94, 131.5, 66.5
95, 132, 67
96, 132.5, 68.5
97, 132.5, 69.5
98, 132.5, 70.5
99, 133, 71
100, 133, 72
101, 133.5, 73
102, 133.5, 74.5
103, 134, 75
104, 134, 76.5
105, 134.5, 77
106, 134.5, 78
107, 134.5, 79
108, 135, 80
109, 135, 81
110, 135.5, 82
111, 135.5, 83
112, 136.5, 84.5
113, 136, 85
114, 136.5, 86
115, 136.5, 87.5
116, 137, 88.5
117, 137.5, 89.5
118, 137.5, 90
119, 137.5, 91
120, 138, 92
121, 138, 93
122, 138.5, 94
123, 138.5, 95
124, 138.5, 96.5
125, 139, 97
126, 139.5, 98
127, 139.5, 99
128, 139.5, 100
129, 140, 101
130, 140, 102
131, 140.5, 103
132, 140.5, 104
133, 140.5, 105
134, 141, 105.5
135, 141.5, 107
136, 141.5, 108
137, 141, 109
138, 141, 110
139, 140.5, 111
140, 141, 112
141, 140, 113.5
142, 140, 114
143, 140, 115
144, 139.5, 116
145, 139.5, 117.5
146, 139, 118
147, 139, 119.5
148, 138.5, 120
149, 138, 121
150, 138, 122
151, 137.5, 123.5
152, 137.5, 125
153, 137.5, 125.5
154, 137, 126.5
155, 137, 128
156, 136.5, 129
157, 136, 130
158, 136, 131
159, 135.5, 132
160, 135.5, 133
161, 135, 134
162, 135, 135
163, 134.5, 136
164, 134.5, 137
165, 134, 138
166, 134, 139
167, 133.5, 140
168, 133, 141
169, 133, 142
170, 133, 143.5
171, 132.5, 144
172, 132, 145.5
173, 132, 146.5
174, 132, 148
175, 131, 148
176, 131, 149.5
177, 131, 150.5
178, 130.5, 152
179, 130, 152.5
180, 130, 153.5
181, 129.5, 154
182, 129.5, 155.5
183, 129, 157
184, 129, 158
185, 128.5, 159
186, 128.5, 160.5
187, 128, 161.5
188, 128, 162
189, 127, 163
190, 127, 164
191, 127, 165
192, 126.5, 166
193, 126.5, 167
194, 126.5, 169
195, 126, 169.5
196, 126, 170.5
197, 125.5, 172
198, 125, 173
199, 125, 174
200, 124.5, 174.5
201, 124, 175.5
202, 124, 177
203, 124, 178
204, 123, 179
205, 123, 180
206, 122.5, 181
207, 122.5, 181.5
208, 122, 183
209, 121, 183
210, 121, 184.5
211, 121, 186
212, 121, 187
213, 121, 188.5
214, 120.5, 189
215, 120, 190.5
216, 120, 191
217, 120, 192.5
218, 119.5,193.5
219, 119, 194
220, 119, 195.5
221, 118.5, 197
222, 118.5, 197
223, NaN, NaN
224, NaN, NaN
225, NaN, NaN
226, NaN, NaN
227, NaN, NaN
228, NaN, NaN
229, NaN, NaN
230, NaN, NaN
231, NaN, NaN
232, NaN, NaN
233, 115, 209.5
234, 114.5, 210.5
235, 114.5, 211.5
236, 114.5, 212.5
237, 114, 214
238, 114, 214.5
239, 114, 216
240, 113, 216.5
241, 113, 218
242, 112.5, 218.5
243, 112.5, 219.5
244, 112, 221
245, 112, 222
246, 111.5, 222.5
247, 111.5, 223.5
248, 111, 225
249, 110.5, 226.5
250, 110, 227
251, 110, 228
252, 110, 229
253, 110, 230
254, 109, 231
255, 109, 232
256, 108.5, 233.5
257, 108.5, 234.5
258, 108.5, 235.5
259, 108.5, 236.5
260, 108.5, 237.5
261, 108.5, 238.5
262, 109, 239.5
263, 109.5, 240.5
264, 109.5, 241.5
265, 109.5, 242.5
266, 110, 243
267, 110.5, 244.5
268, 110.5, 245.5
269, 110.5, 246.5
270, 111, 247
271, 111.5, 248.5
272, 111.5, 249.5
273, 112, 250.5
274, 112.5, 251.5
275, 112.5, 252.5
276, 112.5, 253.5
277, 113, 255
278, 113.5, 255.5
279, NaN, NaN
280, NaN, NaN
281, NaN, NaN
282, NaN, NaN
283, NaN, NaN
284, NaN, NaN
285, NaN, NaN
286, NaN, NaN
287, NaN, NaN
288, NaN, NaN
289, NaN, NaN
280, NaN, NaN
291, NaN, NaN
292, NaN, NaN
293, NaN, NaN
294, NaN, NaN
295, NaN, NaN
296, NaN, NaN
297, NaN, NaN
298, NaN, NaN
299, NaN, NaN
300, NaN, NaN
301, NaN, NaN
302, NaN, NaN
303, NaN, NaN
304, NaN, NaN
305, NaN, NaN
306, NaN, NaN
307, NaN, NaN
308, NaN, NaN
309, NaN, NaN
310, NaN, NaN
311, NaN, NaN
312, NaN, NaN
313, NaN, NaN
314, NaN, NaN
315, NaN, NaN
316, NaN, NaN
317, NaN, NaN
318, NaN, NaN
319, NaN, NaN
320, NaN, NaN
321, NaN, NaN
322, NaN, NaN
323, NaN, NaN
324, NaN, NaN
325, NaN, NaN
326, NaN, NaN
327, NaN, NaN
328, NaN, NaN
329, NaN, NaN
330, NaN, NaN
331, NaN, NaN
332, NaN, NaN
333, NaN, NaN
334, NaN, NaN
335, NaN, NaN
336, NaN, NaN
337, NaN, NaN
338, NaN, NaN
339, NaN, NaN
340, NaN, NaN
341, NaN, NaN
342, NaN, NaN
343, NaN, NaN
344, NaN, NaN
345, NaN, NaN
346, NaN, NaN
347, NaN, NaN
348, NaN, NaN
349, NaN, NaN
350, NaN, NaN
351, NaN, NaN
352, NaN, NaN
353, NaN, NaN
