JDTDB,   , X, Y, Z, VX, VY, VZ, LT, RG, RR,
2453736.500000000, A.D. 2006-Jan-01 00:00:00.0000, -1.726739924883898E-01,  9.695782948553662E-01, -1.277621730981260E-04, -1.721457450045195E-02, -3.149384504903035E-03, -1.243410867585569E-07,  5.687927953153338E-03,  9.848341961262783E-01, -8.231389056016008E-05,
2453737.500000000, A.D. 2006-Jan-02 00:00:00.0000, -1.898597791954925E-01,  9.662777235866790E-01, -1.279615927621113E-04, -1.715603660708561E-02, -3.451549674511514E-03, -2.720499654442206E-07,  5.687461701958454E-03,  9.847534672344060E-01, -7.912051901592829E-05,
2453738.500000000, A.D. 2006-Jan-03 00:00:00.0000, -2.069841573157867E-01,  9.626756480249747E-01, -1.282994800230713E-04, -1.709177488658116E-02, -3.752358344660492E-03, -3.994548331717626E-07,  5.687014394586524E-03,  9.846760183638007E-01, -7.573793460706737E-05,
2453739.500000000, A.D. 2006-Jan-04 00:00:00.0000, -2.240414615236807E-01,  9.587735229800406E-01, -1.287505099209504E-04, -1.702191157094180E-02, -4.051620178198293E-03, -4.969965051455123E-07,  5.686587378299798E-03,  9.846020827856901E-01, -7.208205527881217E-05,
2453740.500000000, A.D. 2006-Jan-05 00:00:00.0000, -2.410261613338221E-01,  9.545729735064169E-01, -1.292813976708585E-04, -1.694659100548140E-02, -4.349185916492271E-03, -5.584354411794217E-07,  5.686182408232579E-03,  9.845319643921572E-01, -6.809680652560434E-05,
2453741.500000000, A.D. 2006-Jan-06 00:00:00.0000, -2.579328740894901E-01,  9.500757527728148E-01, -1.298544352157559E-04, -1.686596176530985E-02, -4.644947953801086E-03, -5.811459392213835E-07,  5.685801474406937E-03,  9.844660077448432E-01, -6.375675282856715E-05,
2453742.500000000, A.D. 2006-Jan-07 00:00:00.0000, -2.747563618929456E-01,  9.452837033272297E-01, -1.304309475494363E-04, -1.678016302424648E-02, -4.938833647329850E-03, -5.657125988656151E-07,  5.685446632990932E-03,  9.844045688582116E-01, -5.906346212269950E-05,
2453743.500000000, A.D. 2006-Jan-08 00:00:00.0000, -2.914915179248700E-01,  9.401987268698385E-01, -1.309741436916901E-04, -1.668931698239718E-02, -5.230795697731854E-03, -5.151848905830761E-07,  5.685119868875633E-03,  9.843479914054969E-01, -5.403886449100260E-05,
2453744.500000000, A.D. 2006-Jan-09 00:00:00.0000, -3.081333478708650E-01,  9.348227636014137E-01, -1.314511884813156E-04, -1.659352634033710E-02, -5.520803036135680E-03, -4.343052246366264E-07,  5.684822997975483E-03,  9.842965898025386E-01, -4.871851707589352E-05,
2453745.500000000, A.D. 2006-Jan-10 00:00:00.0000, -3.246769504779347E-01,  9.291577797129733E-01, -1.318345641108616E-04, -1.649287473305588E-02, -5.808833762444510E-03, -3.288746389565555E-07,  5.684557604697266E-03,  9.842506383808678E-01, -4.314629168475518E-05,
2453746.500000000, A.D. 2006-Jan-11 00:00:00.0000, -3.411174992464025E-01,  9.232057608553346E-01, -1.321028817847576E-04, -1.638742833216128E-02, -6.094870171617674E-03, -2.052840027761692E-07,  5.684325005183746E-03,  9.842103650235391E-01, -3.737072534974550E-05,
2453747.500000000, A.D. 2006-Jan-12 00:00:00.0000, -3.574502258660363E-01,  9.169687097984891E-01, -1.322412907617120E-04, -1.627723763743378E-02, -6.378895223510734E-03, -7.016806374185311E-08,  5.684126227822286E-03,  9.841759477903048E-01, -3.144259302098919E-05,
2453748.500000000, A.D. 2006-Jan-13 00:00:00.0000, -3.736704054094671E-01,  9.104486471873763E-01, -1.322415796481914E-04, -1.616233920095702E-02, -6.660889789015568E-03,  6.987196613828772E-08,  5.683962005655399E-03,  9.841475136035424E-01, -2.541312636649477E-05,
2453749.500000000, A.D. 2006-Jan-14 00:00:00.0000, -3.897733432656252E-01,  9.036476148320035E-01, -1.321020194527940E-04, -1.604275741955855E-02, -6.940830304320535E-03,  2.085105364629234E-07,  5.683832778231831E-03,  9.841251385687571E-01, -1.933248286343395E-05,
2453750.500000000, A.D. 2006-Jan-15 00:00:00.0000, -4.057543639862070E-01,  8.965676811623877E-01, -1.318269793000039E-04, -1.591850659265615E-02, -7.218686805429033E-03,  3.399089089477361E-07,  5.683738701921643E-03,  9.841088497605867E-01, -1.324834837114731E-05,
2453751.500000000, A.D. 2006-Jan-16 00:00:00.0000, -4.216088023491375E-01,  8.892109483867896E-01, -1.314263526634201E-04, -1.578959328634780E-02, -7.494421524682945E-03,  4.588794651196047E-07,  5.683679667689100E-03,  9.840986283000774E-01, -7.204782774380090E-06,
2453752.500000000, A.D. 2006-Jan-17 00:00:00.0000, -4.373319968714398E-01,  8.815795606854220E-01, -1.309148512733473E-04, -1.565601882075258E-02, -7.767988248281355E-03,  5.609832666335028E-07,  5.683655324337506E-03,  9.840944133794078E-01, -1.241513839785249E-06,
2453753.500000000, A.D. 2006-Jan-18 00:00:00.0000, -4.529192857309572E-01,  8.736757126341584E-01, -1.303112393260589E-04, -1.551778153598034E-02, -8.039332490830286E-03,  6.425518481758259E-07,  5.683665104120400E-03,  9.840961066963247E-01,  4.606158497716603E-06,
2453754.500000000, A.D. 2006-Jan-19 00:00:00.0000, -4.683660046843240E-01,  8.655016571026245E-01, -1.296375805116270E-04, -1.537487846065284E-02, -8.308392327198317E-03,  7.006431140412276E-07,  5.683708247039124E-03,  9.841035766611397E-01,  1.030682083170635E-05,
2453755.500000000, A.D. 2006-Jan-20 00:00:00.0000, -4.836674862315671E-01,  8.570597121347698E-01, -1.289185507594991E-04, -1.522730610326865E-02, -8.575099522344665E-03,  7.329601664615809E-07,  5.683783820468302E-03,  9.841166617947743E-01,  1.583190592287074E-05,
2453756.500000000, A.D. 2006-Jan-21 00:00:00.0000, -4.988190590833398E-01,  8.483522667525109E-01, -1.281808332485188E-04, -1.507506026735288E-02, -8.839380465930654E-03,  7.377759451113751E-07,  5.683890731990251E-03,  9.841351729509711E-01,  2.115444019169196E-05,
2453757.500000000, A.D. 2006-Jan-22 00:00:00.0000, -5.138160469976816E-01,  8.393817861530820E-01, -1.274525648129405E-04, -1.491813501722835E-02, -9.101156355649748E-03,  7.139146954516568E-07,  5.684027735347009E-03,  9.841588943468520E-01,  2.624799148219196E-05,
2453758.500000000, A.D. 2006-Jan-23 00:00:00.0000, -5.286537663097871E-01,  8.301508173323120E-01, -1.267627499965250E-04, -1.475652118988754E-02, -9.360342073080183E-03,  6.608440985461225E-07,  5.684193432143319E-03,  9.841875838577844E-01,  3.108634869823336E-05,
2453759.500000000, A.D. 2006-Jan-24 00:00:00.0000, -5.433275220374451E-01,  8.206619966875136E-01, -1.261405066666323E-04, -1.459020519120257E-02, -9.616843286631305E-03,  5.789271248032393E-07,  5.684386275351764E-03,  9.842209736242743E-01,  3.564458290383362E-05,
2453760.500000000, A.D. 2006-Jan-25 00:00:00.0000, -5.578326033931407E-01,  8.109180614970788E-01, -1.256139669668712E-04, -1.441916924663400E-02, -9.870551608151134E-03,  4.698606148707110E-07,  5.684604584643226E-03,  9.842587727063538E-01,  3.990219411336371E-05,
2453761.500000000, A.D. 2006-Jan-26 00:00:00.0000, -5.721642809219742E-01,  8.009218670452285E-01, -1.252086553927119E-04, -1.424339468772738E-02, -1.012133831771063E-02,  3.372698348846021E-07,  5.684846587255557E-03,  9.843006741597721E-01,  4.384885216291972E-05,
2453762.500000000, A.D. 2006-Jan-27 00:00:00.0000, -5.863178091292899E-01,  7.906764100725201E-01, -1.249452472894140E-04, -1.406286986605976E-02, -1.036904840933291E-02,  1.873174317337938E-07,  5.685110499215509E-03,  9.843463690991364E-01,  4.749248419264607E-05,
2453763.500000000, A.D. 2006-Jan-28 00:00:00.0000, -6.002884396414234E-01,  7.801848566996005E-01, -1.248368264430790E-04, -1.387760322131235E-02, -1.061349826496791E-02,  2.903586039894737E-08,  5.685394656221531E-03,  9.843955693595661E-01,  5.086792208620998E-05,
2453764.500000000, A.D. 2006-Jan-29 00:00:00.0000, -6.140714492712380E-01,  7.694505691304903E-01, -1.248861105945060E-04, -1.368763937040077E-02, -1.085448106847340E-02, -1.260049987481617E-07,  5.685697687527577E-03,  9.844480376037400E-01,  5.404239049207349E-05,
2453765.500000000, A.D. 2006-Jan-30 00:00:00.0000, -6.276621834525236E-01,  7.584771218971784E-01, -1.250834681518703E-04, -1.349307256266829E-02, -1.109178239161071E-02, -2.649666455152529E-07,  5.686018701245942E-03,  9.845036194060897E-01,  5.711328338831948E-05,
2453766.500000000, A.D. 2006-Jan-31 00:00:00.0000, -6.410561087171097E-01,  7.472682981952522E-01, -1.254066331776052E-04, -1.329405018182290E-02, -1.132520350357762E-02, -3.757979179311652E-07,  5.686357427769902E-03,  9.845622680856577E-01,  6.019586456305127E-05,
2453767.500000000, A.D. 2006-Feb-01 00:00:00.0000, -6.542488616891380E-01,  7.358280622256583E-01, -1.258226046892523E-04, -1.309076212074958E-02, -1.155458440853460E-02, -4.494023025657620E-07,  5.686714268453910E-03,  9.846240531348136E-01,  6.340370960377090E-05,
2453768.500000000, A.D. 2006-Feb-02 00:00:00.0000, -6.672362813294813E-01,  7.241605126426239E-01, -1.262914011760572E-04, -1.288341903396600E-02, -1.177981728820880E-02, -4.810531800794859E-07,  5.687090227838173E-03,  9.846891484843024E-01,  6.682935586461655E-05,
2453769.500000000, A.D. 2006-Feb-03 00:00:00.0000, -6.800144174528013E-01,  7.122698294974383E-01, -1.267706282049141E-04, -1.267222829158603E-02, -1.200084597511321E-02, -4.705804560278731E-07,  5.687486753390762E-03,  9.847578047554508E-01,  7.053255362205901E-05,
2453770.500000000, A.D. 2006-Feb-04 00:00:00.0000, -6.925795178146869E-01,  7.001602277156188E-01, -1.272196695089994E-04, -1.245737625944076E-02, -1.221765439728913E-02, -4.215084233054561E-07,  5.687905537089206E-03,  9.848303149050884E-01,  7.453874089380770E-05,
2453771.500000000, A.D. 2006-Feb-05 00:00:00.0000, -7.049280023658422E-01,  6.878359247787921E-01, -1.276027311514697E-04, -1.223902044290434E-02, -1.243025092827019E-02, -3.397308737896876E-07,  5.688348332309243E-03,  9.849069825208114E-01,  7.884514373522695E-05,
2453772.500000000, A.D. 2006-Feb-06 00:00:00.0000, -7.170564340382127E-01,  6.753011234768364E-01, -1.278905696273133E-04, -1.201728984336085E-02, -1.263865463847109E-02, -2.322756489605510E-07,  5.688816816595185E-03,  9.849880980604145E-01,  8.342979489436568E-05,
2453773.500000000, A.D. 2006-Feb-07 00:00:00.0000, -7.289614923913474E-01,  6.625600062044715E-01, -1.280611568027183E-04, -1.179228965985464E-02, -1.284288612143709E-02, -1.064350563029351E-07,  5.689312505489728E-03,  9.850739239319807E-01,  8.825974617131000E-05,
2453774.500000000, A.D. 2006-Feb-08 00:00:00.0000, -7.406399526614845E-01,  6.496167361297627E-01, -1.280996737205940E-04, -1.156410694608839E-02, -1.304296274553085E-02,  3.071842638994208E-08,  5.689836707013449E-03,  9.851646866122529E-01,  9.329681648502737E-05,
2453775.500000000, A.D. 2006-Feb-09 00:00:00.0000, -7.520886700961545E-01,  6.364754614774180E-01, -1.279981692027874E-04, -1.133281533585677E-02, -1.323889690117127E-02,  1.725406936262924E-07,  5.690390501849680E-03,  9.852605732157488E-01,  9.850082335400452E-05,
2453776.500000000, A.D. 2006-Feb-10 00:00:00.0000, -7.633045682734010E-01,  6.231403207154607E-01, -1.277550925294702E-04, -1.109847827460501E-02, -1.343069572206584E-02,  3.128792647639051E-07,  5.690974736531940E-03,  9.853617303152045E-01,  1.038309943340040E-04,
2453777.500000000, A.D. 2006-Feb-11 00:00:00.0000, -7.742846299748349E-01,  6.096154477585540E-01, -1.273747924783270E-04, -1.086115096702424E-02, -1.361836119486559E-02,  4.460900906591429E-07,  5.691590021537611E-03,  9.854682636115012E-01,  1.092463828741753E-04,
2453778.500000000, A.D. 2006-Feb-12 00:00:00.0000, -7.850258895717455E-01,  5.959049771212510E-01, -1.268669982381054E-04, -1.062088154586812E-02, -1.380189009571543E-02,  5.670626275210719E-07,  5.692236730542654E-03,  9.855802378046267E-01,  1.147059423332362E-04,
2453779.500000000, A.D. 2006-Feb-13 00:00:00.0000, -7.955254264037048E-01,  5.820130492924321E-01, -1.262462628768128E-04, -1.037771196060271E-02, -1.398127361568064E-02,  6.712698799449134E-07,  5.692915000121103E-03,  9.856976765416414E-01,  1.201686486362139E-04,
2453780.500000000, A.D. 2006-Feb-14 00:00:00.0000, -8.057803590533877E-01,  5.679438165929181E-01, -1.255313472544734E-04, -1.013167891823500E-02, -1.415649680386345E-02,  7.548346387199727E-07,  5.693624730673408E-03,  9.858205625774175E-01,  1.255938069482602E-04,
2453781.500000000, A.D. 2006-Feb-15 00:00:00.0000, -8.157878406421261E-01,  5.537014495849230E-01, -1.247445378240398E-04, -9.882814982931809E-03, -1.432753805944138E-02,  8.145919496509517E-07,  5.694365589542868E-03,  9.859488383142340E-01,  1.309414801893622E-04,
2453782.500000000, A.D. 2006-Feb-16 00:00:00.0000, -8.255450552703149E-01,  5.392901438822223E-01, -1.239109116127639E-04, -9.631149736391799E-03, -1.449436885910867E-02,  8.481301488003808E-07,  5.695137016556028E-03,  9.860824067610623E-01,  1.361728674219069E-04,
2453783.500000000, A.D. 2006-Feb-17 00:00:00.0000, -8.350492155594283E-01,  5.247141270922910E-01, -1.230575736828668E-04, -9.376710780262199E-03, -1.465695375571689E-02,  8.538054474086857E-07,  5.695938231156859E-03,  9.862211327688167E-01,  1.412504519794637E-04,
2453784.500000000, A.D. 2006-Feb-18 00:00:00.0000, -8.442975610227224E-01,  5.099776656826931E-01, -1.222128886818637E-04, -9.119524361216704E-03, -1.481525048830032E-02,  8.307428210745138E-07,  5.696768239473561E-03,  9.863648442539282E-01,  1.461378258227923E-04,
2453785.500000000, A.D. 2006-Feb-19 00:00:00.0000, -8.532873568242725E-01,  4.950850718160551E-01, -1.214057065173527E-04, -8.859615522880785E-03, -1.496920986727250E-02,  7.788530322141522E-07,  5.697625839545192E-03,  9.865133331033126E-01,  1.507992545877259E-04,
2453786.500000000, A.D. 2006-Feb-20 00:00:00.0000, -8.620158924976264E-01,  4.800407105941746E-01, -1.206645460202178E-04, -8.597007919785057E-03, -1.511877499434660E-02,  6.989069804189449E-07,  5.698509623877065E-03,  9.866663556168176E-01,  1.551992504640306E-04,
2453787.500000000, A.D. 2006-Feb-21 00:00:00.0000, -8.704804804829835E-01,  4.648490085970965E-01, -1.200166576223750E-04, -8.331723746240352E-03, -1.526387939132161E-02,  5.927097359766540E-07,  5.699417980683918E-03,  9.868236327224776E-01,  1.593026465210841E-04,
2453788.500000000, A.D. 2006-Feb-22 00:00:00.0000, -8.786784549806610E-01,  4.495144649481390E-01, -1.194868496746838E-04, -8.063784611314325E-03, -1.540444381202539E-02,  4.634011944820036E-07,  5.700349098684693E-03,  9.869848508066981E-01,  1.630758872117810E-04,
2453789.500000000, A.D. 2006-Feb-23 00:00:00.0000, -8.866071726377351E-01,  4.340416661436138E-01, -1.190959546358447E-04, -7.793214551204642E-03, -1.554037200818505E-02,  3.158675212855174E-07,  5.701300984896486E-03,  9.871496647951866E-01,  1.664903796468835E-04,
2453790.500000000, A.D. 2006-Feb-24 00:00:00.0000, -8.942640178682786E-01,  4.184353051972034E-01, -1.188588648178223E-04, -7.520046482015141E-03, -1.567154662970217E-02,  1.571650007622173E-07,  5.702271509474830E-03,  9.873177059168055E-01,  1.695285772430926E-04,
2453791.500000000, A.D. 2006-Feb-25 00:00:00.0000, -9.016464166943197E-01,  4.027002038548736E-01, -1.187822236345769E-04, -7.244332795400752E-03, -1.579782769699369E-02, -3.261842939212838E-09,  5.703258493551570E-03,  9.874885969122278E-01,  1.721926442389790E-04,
2453792.500000000, A.D. 2006-Feb-26 00:00:00.0000, -9.087518628894441E-01,  3.868413336319912E-01, -1.188621344036137E-04, -6.966158947224744E-03, -1.591905708048279E-02, -1.538912624388701E-07,  5.704259850584460E-03,  9.876619765078635E-01,  1.745138232393744E-04,
2453793.500000000, A.D. 2006-Feb-27 00:00:00.0000, -9.155779576032438E-01,  3.708638280922198E-01, -1.190825735754889E-04, -6.685655868014077E-03, -1.603507181285011E-02, -2.822545371190168E-07,  5.705273774515181E-03,  9.878375319944075E-01,  1.765584487225308E-04,
2453794.500000000, A.D. 2006-Feb-28 00:00:00.0000, -9.221224580650759E-01,  3.547729774603590E-01, -1.194153585318274E-04, -6.403004539010869E-03, -1.614572554866778E-02, -3.768722408211723E-07,  5.706298940760390E-03,  9.880150340273641E-01,  1.784256284457856E-04,
2453795.500000000, A.D. 2006-Mar-01 00:00:00.0000, -9.283833244511326E-01,  3.385742000853213E-01, -1.198222547471576E-04, -6.118427194804716E-03, -1.625091192900465E-02, -4.294654984589874E-07,  5.707334662546576E-03,  9.881943636955862E-01,  1.802341022253120E-04,
2453796.500000000, A.D. 2006-Mar-02 00:00:00.0000, -9.343587511529895E-01,  3.222729936340409E-01, -1.202590613741282E-04, -5.832165690000835E-03, -1.635058015558170E-02, -4.365491901518277E-07,  5.708380946401081E-03,  9.883755221292475E-01,  1.821015238672578E-04,
2453797.500000000, A.D. 2006-Mar-03 00:00:00.0000, -9.400471730863283E-01,  3.058748777614768E-01, -1.206806685257746E-04, -5.544454969367705E-03, -1.644473590060299E-02, -3.997172466208339E-07,  5.709438425260819E-03,  9.885586189179778E-01,  1.841243216100005E-04,
2453798.500000000, A.D. 2006-Mar-04 00:00:00.0000, -9.454472474577539E-01,  2.893853431539277E-01, -1.210457170350770E-04, -5.255502055661259E-03, -1.653342848936108E-02, -3.246276220630922E-07,  5.710508196590417E-03,  9.887438440818863E-01,  1.863658783076535E-04,
2453799.500000000, A.D. 2006-Mar-05 00:00:00.0000, -9.505578200921566E-01,  2.728098172966022E-01, -1.213198428621509E-04, -4.965476602073792E-03, -1.661673174499168E-02, -2.193187262586088E-07,  5.711591623606762E-03,  9.889314336546606E-01,  1.888554488409303E-04,
2453800.500000000, A.D. 2006-Mar-06 00:00:00.0000, -9.553778880232628E-01,  2.561536490922819E-01, -1.214772224972798E-04, -4.674512278968529E-03, -1.669472654452921E-02, -9.260048440360277E-08,  5.712690154812437E-03,  9.891216384367485E-01,  1.915947923141022E-04,
2453801.500000000, A.D. 2006-Mar-07 00:00:00.0000, -9.599065669680706E-01,  2.394221080714719E-01, -1.215007441815422E-04, -4.382714259987827E-03, -1.676748941980946E-02,  4.704719632614122E-08,  5.713805192030723E-03,  9.893147011463266E-01,  1.945675419669114E-04,
2453802.500000000, A.D. 2006-Mar-08 00:00:00.0000, -9.641430672646363E-01,  2.226203917511475E-01, -1.213813678159190E-04, -4.090167998196654E-03, -1.683508745246625E-02,  1.920094635180888E-07,  5.714938010849863E-03,  9.895108426446533E-01,  1.977475373051694E-04,
2453803.500000000, A.D. 2006-Mar-09 00:00:00.0000, -9.680866779419005E-01,  2.057536357128009E-01, -1.211171730521544E-04, -3.796946416037626E-03, -1.689757755388569E-02,  3.356582742015332E-07,  5.716089721832410E-03,  9.897102552196732E-01,  2.011044990901041E-04,
2453804.500000000, A.D. 2006-Mar-10 00:00:00.0000, -9.717367567361793E-01,  1.888269231509809E-01, -1.207124092886101E-04, -3.503114576083537E-03, -1.695500790875790E-02,  4.722573155859773E-07,  5.717261256509304E-03,  9.899131001609690E-01,  2.046070146835075E-04,
2453805.500000000, A.D. 2006-Mar-11 00:00:00.0000, -9.750927235878843E-01,  1.718452926167222E-01, -1.201766826735513E-04, -3.208732064553626E-03, -1.700741992749416E-02,  5.968033984165185E-07,  5.718453364418291E-03,  9.901195072469788E-01,  2.082235131848416E-04,
2453806.500000000, A.D. 2006-Mar-12 00:00:00.0000, -9.781540556595789E-01,  1.548137439749619E-01, -1.195242928248011E-04, -2.913853778280959E-03, -1.705484976027113E-02,  7.048962526614890E-07,  5.719666611932530E-03,  9.903295745421743E-01,  2.119220385307075E-04,
2453807.500000000, A.D. 2006-Mar-13 00:00:00.0000, -9.809202826577068E-01,  1.377372432486828E-01, -1.187736665811599E-04, -2.618529863082469E-03, -1.709732897987055E-02,  7.926782544152641E-07,  5.720901378000728E-03,  9.905433676594914E-01,  2.156695059145076E-04,
2453808.500000000, A.D. 2006-Mar-14 00:00:00.0000, -9.833909819385227E-01,  1.206207272171887E-01, -1.179468131312633E-04, -2.322805434974786E-03, -1.713488440900829E-02,  8.568509106246987E-07,  5.722157845343439E-03,  9.907609182360121E-01,  2.194309386760866E-04,
2453809.500000000, A.D. 2006-Mar-15 00:00:00.0000, -9.855657734219516E-01,  1.034691085375699E-01, -1.170687299743140E-04, -2.026720532459691E-03, -1.716753729250687E-02,  8.947528982729966E-07,  5.723435987970271E-03,  9.909822217716403E-01,  2.231689933848186E-04,
2453810.500000000, A.D. 2006-Mar-16 00:00:00.0000, -9.874443146814245E-01,  8.628728189373089E-02, -1.161667110686688E-04, -1.730310537849536E-03, -1.719530212543886E-02,  9.044726953892854E-07,  5.724735557136459E-03,  9.912072351975549E-01,  2.268439014903244E-04,
2453811.500000000, A.D. 2006-Mar-17 00:00:00.0000, -9.890262967096791E-01,  6.908013135583940E-02, -1.152695372183857E-04, -1.433607096974579E-03, -1.721818545084401E-02,  8.849670819451186E-07,  5.726056068122592E-03,  9.914358745871911E-01,  2.304137960403595E-04,
2453812.500000000, A.D. 2006-Mar-18 00:00:00.0000, -9.903114408023795E-01,  5.185253886245872E-02, -1.144065541465463E-04, -1.136639403749314E-03, -1.723618483877036E-02,  8.361649973661312E-07,  5.727396789680011E-03,  9.916680133287689E-01,  2.338352781650576E-04,
2453813.500000000, A.D. 2006-Mar-19 00:00:00.0000, -9.912994968257025E-01,  3.460939360975415E-02, -1.136066567796368E-04, -8.394356523248829E-04, -1.724928808271309E-02,  7.590519898770540E-07,  5.728756737006117E-03,  9.919034809090037E-01,  2.370640463684047E-04,
2453814.500000000, A.D. 2006-Mar-20 00:00:00.0000, -9.919902429616390E-01,  1.735560219126162E-02, -1.128971940741022E-04, -5.420245337482747E-04, -1.725747246454771E-02,  6.557480911497012E-07,  5.730134668259799E-03,  9.921420623097729E-01,  2.400554890457781E-04,
2453815.500000000, A.D. 2006-Mar-21 00:00:00.0000, -9.923834869975396E-01,  9.609954407520358E-05, -1.123027893468061E-04, -2.444368662258637E-04, -1.726070383314528E-02,  5.296032227876259E-07,  5.731529084542849E-03,  9.923834980048967E-01,  2.427653270087765E-04,
2453816.500000000, A.D. 2006-Mar-22 00:00:00.0000, -9.924790694620823E-01, -1.716413900238551E-02, -1.118440472798796E-04,  5.329225082586889E-05, -1.725893530636641E-02,  3.853303844537502E-07,  5.732938234508350E-03,  9.926274847580562E-01,  2.451506549658522E-04,
2453817.500000000, A.D. 2006-Mar-23 00:00:00.0000, -9.922768694501378E-01, -3.442008422151424E-02, -1.115361097599321E-04,  3.511200833755567E-04, -1.725210571836619E-02,  2.291700094958336E-07,  5.734360127562784E-03,  9.928736779086683E-01,  2.471719963891583E-04,
2453818.500000000, A.D. 2006-Mar-24 00:00:00.0000, -9.917768147258812E-01, -5.166663807255167E-02, -1.113870542931014E-04,  6.489909444299203E-04, -1.724013853168470E-02,  6.902428757321791E-08,  5.735792563674227E-03,  9.931216965330133E-01,  2.487971205932994E-04,
2453819.500000000, A.D. 2006-Mar-25 00:00:00.0000, -9.909788983217398E-01, -6.889861852811070E-02, -1.113962272058830E-04,  9.468285251430049E-04, -1.722294273539078E-02, -8.557643827925279E-08,  5.737233191717322E-03,  9.933711335463551E-01,  2.500071462290743E-04,
2453820.500000000, A.D. 2006-Mar-26 00:00:00.0000, -9.898832037348830E-01, -8.611074718584665E-02, -1.115527785945545E-04,  1.244526637730554E-03, -1.720041789669830E-02, -2.238806455001542E-07,  5.738679609170394E-03,  9.936215729649611E-01,  2.508045854260781E-04,
2453821.500000000, A.D. 2006-Mar-27 00:00:00.0000, -9.884899391484085E-01, -1.032976448517581E-01, -1.118348758376529E-04,  1.541941048057503E-03, -1.717246526047196E-02, -3.348892386012749E-07,  5.740129509630645E-03,  9.938726154475652E-01,  2.512213723490615E-04,
2453822.500000000, A.D. 2006-Mar-28 00:00:00.0000, -9.867994774395634E-01, -1.204538413169649E-01, -1.122101929607656E-04,  1.838886901754404E-03, -1.713900472886867E-02, -4.089108427868130E-07,  5.741580868017598E-03,  9.941239103623529E-01,  2.513231655529265E-04,
2453823.500000000, A.D. 2006-Mar-29 00:00:00.0000, -9.848123940481389E-01, -1.375738035904624E-01, -1.126381238175703E-04,  2.135146116859806E-03, -1.709999380186179E-02, -4.393660968309655E-07,  5.743032129763750E-03,  9.943751885443045E-01,  2.512058648237376E-04,
2453824.500000000, A.D. 2006-Mar-30 00:00:00.0000, -9.825294919173235E-01, -1.546519811249654E-01, -1.130736570590045E-04,  2.430485499849730E-03, -1.705544132210921E-02, -4.241842813209843E-07,  5.744482352764329E-03,  9.946262868730358E-01,  2.509828640201069E-04,
2453825.500000000, A.D. 2006-Mar-31 00:00:00.0000, -9.799518048433020E-01, -1.716828593021618E-01, -1.134721639852859E-04,  2.724680520706982E-03, -1.700540949284716E-02, -3.661537188147712E-07,  5.745931255892798E-03,  9.948771566729950E-01,  2.507664100264250E-04,
2453826.500000000, A.D. 2006-Apr-01 00:00:00.0000, -9.770805778473637E-01, -1.886610082888623E-01, -1.137939164522483E-04,  3.017536010488298E-03, -1.695000299252025E-02, -2.720574896068746E-07,  5.747379159411079E-03,  9.951278533958156E-01,  2.506500610673250E-04,
2453827.500000000, A.D. 2006-Apr-02 00:00:00.0000, -9.739172314831825E-01, -2.055811165351824E-01, -1.140072950208799E-04,  3.308896867538264E-03, -1.688935038999614E-02, -1.510284424941704E-07,  5.748826843070539E-03,  9.953785120512610E-01,  2.506984513229854E-04,
2453828.500000000, A.D. 2006-Apr-03 00:00:00.0000, -9.704633211820888E-01, -2.224380051067000E-01, -1.140902589058939E-04,  3.598647578937515E-03, -1.682358561819418E-02, -1.283276872306022E-08,  5.750275371714330E-03,  9.956293170112084E-01,  2.509461499661515E-04,
2453829.500000000, A.D. 2006-Apr-04 00:00:00.0000, -9.667205012235812E-01, -2.392266259838634E-01, -1.140303015891091E-04,  3.886704303315594E-03, -1.675283500707808E-02,  1.333834753841666E-07,  5.751725935171711E-03,  9.958804742882076E-01,  2.514031085585137E-04,
2453830.500000000, A.D. 2006-Apr-05 00:00:00.0000, -9.626904981734785E-01, -2.559420509027622E-01, -1.138234666931890E-04,  4.173004640726960E-03, -1.667721125436185E-02,  2.797222678616831E-07,  5.753179728794390E-03,  9.961321908509904E-01,  2.520626336398817E-04,
2453831.500000000, A.D. 2006-Apr-06 00:00:00.0000, -9.583750940782855E-01, -2.725794570514424E-01, -1.134730059413522E-04,  4.457498779352575E-03, -1.659681277474096E-02,  4.196547670871374E-07,  5.754637879277968E-03,  9.963846617808531E-01,  2.529087057980083E-04,
2453832.500000000, A.D. 2006-Apr-07 00:00:00.0000, -9.537761171059826E-01, -2.891341137736133E-01, -1.129880789589011E-04,  4.740143556235732E-03, -1.651172596466249E-02,  5.478528412561014E-07,  5.756101406881185E-03,  9.966380637301204E-01,  2.539211428730606E-04,
2453833.500000000, A.D. 2006-Apr-08 00:00:00.0000, -9.488954366296680E-01, -3.056013721034341E-01, -1.123826842278100E-04,  5.020899429662342E-03, -1.642202831982470E-02,  6.599216525448636E-07,  5.757571210533014E-03,  9.968925523435199E-01,  2.550783992870966E-04,
2453834.500000000, A.D. 2006-Apr-09 00:00:00.0000, -9.437349601640139E-01, -3.219766572772685E-01, -1.116748526315488E-04,  5.299729659957422E-03, -1.632779111893706E-02,  7.521569564174372E-07,  5.759048063239524E-03,  9.971482614629027E-01,  2.563584288908235E-04,
2453835.500000000, A.D. 2006-Apr-10 00:00:00.0000, -9.382966303757571E-01, -3.382554634286769E-01, -1.108860427174998E-04,  5.576600840296215E-03, -1.622908104365053E-02,  8.213911025530310E-07,  5.760532608329323E-03,  9.974053024771642E-01,  2.577382136647394E-04,
2453836.500000000, A.D. 2006-Apr-11 00:00:00.0000, -9.325824212208399E-01, -3.544333492752736E-01, -1.100406345233918E-04,  5.851483991893423E-03, -1.612596053501822E-02,  8.649513742601504E-07,  5.762025350526633E-03,  9.976637627765947E-01,  2.591925338783135E-04,
2453837.500000000, A.D. 2006-Apr-12 00:00:00.0000, -9.265943329840237E-01, -3.705059335508412E-01, -1.091654089742792E-04,  6.124355565141900E-03, -1.601848695672103E-02,  8.807284471829650E-07,  5.763526638959135E-03,  9.979237028107785E-01,  2.606924830569877E-04,
2453838.500000000, A.D. 2006-Apr-13 00:00:00.0000, -9.203343865879337E-01, -3.864688891065135E-01, -1.082889117975264E-04,  6.395197825103724E-03, -1.590671082752868E-02,  8.673340512185665E-07,  5.765036641914406E-03,  9.981851517178060E-01,  2.622041622289821E-04,
2453839.500000000, A.D. 2006-Apr-14 00:00:00.0000, -9.138046179811422E-01, -4.023179349461075E-01, -1.074406296124569E-04,  6.663998264780040E-03, -1.579067353599045E-02,  8.243119507276361E-07,  5.766555315450427E-03,  9.984481018893523E-01,  2.636879080351945E-04,
2453840.500000000, A.D. 2006-Apr-15 00:00:00.0000, -9.070070736688557E-01, -4.180488259256452E-01, -1.066499471790158E-04,  6.930747902744591E-03, -1.567040504064434E-02,  7.523566855322951E-07,  5.768082369689165E-03,  9.987125031345920E-01,  2.650982883922768E-04,
2453841.500000000, A.D. 2006-Apr-16 00:00:00.0000, -8.999438084730222E-01, -4.336573403535502E-01, -1.059449013851279E-04,  7.195438561875550E-03, -1.554592204459374E-02,  6.534943571141922E-07,  5.769617237504994E-03,  9.989782572587677E-01,  2.663849318302913E-04,
2453842.500000000, A.D. 2006-Apr-17 00:00:00.0000, -8.926168864065491E-01, -4.491392661564933E-01, -1.053507883495696E-04,  7.458059421615452E-03, -1.541722699296420E-02,  5.311914824997664E-07,  5.771159050186650E-03,  9.992452138491854E-01,  2.674940830985147E-04,
2453843.500000000, A.D. 2006-Apr-18 00:00:00.0000, -8.850283852080981E-01, -4.644903865166622E-01, -1.048887043355510E-04,  7.718593199980264E-03, -1.528430802076360E-02,  3.903779606419467E-07,  5.772706623680394E-03,  9.995131678932960E-01,  2.683706748622457E-04,
2453844.500000000, A.D. 2006-Apr-19 00:00:00.0000, -8.771804047679176E-01, -4.797064659116578E-01, -1.045741054226218E-04,  7.977012214275447E-03, -1.514713979200706E-02,  2.373881348852401E-07,  5.774258457837477E-03,  9.997818596483953E-01,  2.689607417029005E-04,
2453845.500000000, A.D. 2006-Apr-20 00:00:00.0000, -8.690750795314043E-01, -4.947832374013652E-01, -1.044154636304301E-04,  8.233274351593331E-03, -1.500568515270885E-02,  7.982714540526776E-08,  5.775812750554248E-03,  1.000050977089909E+00,  2.692141852771201E-04,
2453846.500000000, A.D. 2006-Apr-21 00:00:00.0000, -8.607145950306976E-01, -5.097163920195177E-01, -1.044130976337835E-04,  8.487318818036884E-03, -1.485989774123210E-02, -7.364931405504256E-08,  5.777367429445806E-03,  1.000320161395514E+00,  2.690881391325811E-04,
2453847.500000000, A.D. 2006-Apr-22 00:00:00.0000, -8.521012088019019E-01, -5.245015714601997E-01, -1.045582854850296E-04,  8.739061645645068E-03, -1.470972609078767E-02, -2.136900812385996E-07,  5.778920205581115E-03,  1.000589016249087E+00,  2.685512995826334E-04,
2453848.500000000, A.D. 2006-Apr-23 00:00:00.0000, -8.432372757332790E-01, -5.391343659612000E-01, -1.048328325403709E-04,  8.988391480027218E-03, -1.455512006802644E-02, -3.308181592210878E-07,  5.780468655486096E-03,  1.000857122039100E+00,  2.675893624628141E-04,
2453849.500000000, A.D. 2006-Apr-24 00:00:00.0000, -8.341252769245829E-01, -5.536103200971911E-01, -1.052093471090481E-04,  9.235167095978020E-03, -1.439604030486583E-02, -4.162830098789195E-07,  5.782010336575613E-03,  1.001124055845045E+00,  2.662109777227166E-04,
2453850.500000000, A.D. 2006-Apr-25 00:00:00.0000, -8.247678492289132E-01, -5.679249493978008E-01, -1.056525056065781E-04,  9.479218934643709E-03, -1.423247020508045E-02, -4.631703476146959E-07,  5.783542934655067E-03,  1.001389416976550E+00,  2.644525220414345E-04,
2453851.500000000, A.D. 2006-Apr-26 00:00:00.0000, -8.151678102883532E-01, -5.820737693793953E-01, -1.061214813081952E-04,  9.720356847998707E-03, -1.406442820321008E-02, -4.675697388987397E-07,  5.785064429426937E-03,  1.001652855629941E+00,  2.623791062401260E-04,
2453852.500000000, A.D. 2006-Apr-27 00:00:00.0000, -8.053281724519608E-01, -5.960523353002396E-01, -1.065734192796011E-04,  9.958384402247809E-03, -1.389197619617060E-02, -4.294291518844548E-07,  5.786573249175133E-03,  1.001914099671014E+00,  2.600795699728967E-04,
2453853.500000000, A.D. 2006-Apr-28 00:00:00.0000, -7.952521401582887E-01, -6.098562866741012E-01, -1.069674424525224E-04,  1.019311689770179E-02, -1.371522010287959E-02, -3.527103290446787E-07,  5.788068378136485E-03,  1.002172973225828E+00,  2.576553346639709E-04,
2453854.500000000, A.D. 2006-Apr-29 00:00:00.0000, -7.849430896559277E-01, -6.234813876820694E-01, -1.072683843743195E-04,  1.042439768194252E-02, -1.353430121691013E-02, -2.446916336597503E-07,  5.789549388077958E-03,  1.002429402148131E+00,  2.552060079838552E-04,
2453855.500000000, A.D. 2006-Apr-30 00:00:00.0000, -7.744045355241972E-01, -6.369235553201040E-01, -1.074494757020206E-04,  1.065210757317712E-02, -1.334938108428047E-02, -1.146382681231915E-07,  5.791016388638920E-03,  1.002683405421392E+00,  2.528164472554921E-04,
2453856.500000000, A.D. 2006-May-01 00:00:00.0000, -7.636400922164047E-01, -6.501788713885194E-01, -1.074935801703076E-04,  1.087616540774591E-02, -1.316062525642365E-02,  2.768228680937505E-08,  5.792469917036397E-03,  1.002935076061854E+00,  2.505491373059237E-04,
2453857.500000000, A.D. 2006-May-02 00:00:00.0000, -7.526534388401347E-01, -6.632435797903693E-01, -1.073930661968366E-04,  1.109652157802374E-02, -1.296819077453114E-02,  1.731844958272477E-07,  5.793910802397930E-03,  1.003184557628503E+00,  2.484429483559032E-04,
2453858.500000000, A.D. 2006-May-03 00:00:00.0000, -7.414482922940312E-01, -6.761140742107823E-01, -1.071487481555034E-04,  1.131314846645039E-02, -1.277221955205279E-02,  3.141276022883800E-07,  5.795340037980226E-03,  1.003432022098404E+00,  2.465167027048561E-04,
2453859.500000000, A.D. 2006-May-04 00:00:00.0000, -7.300283899728114E-01, -6.887868819780055E-01, -1.067684208822606E-04,  1.152603135557623E-02, -1.257283709876298E-02,  4.442870026052242E-07,  5.796758681508617E-03,  1.003677652611023E+00,  2.447749050822783E-04,
2453860.500000000, A.D. 2006-May-05 00:00:00.0000, -7.183974804175947E-01, -7.012586485232525E-01, -1.062654010520017E-04,  1.173516181804559E-02, -1.237015462978054E-02,  5.588013444540977E-07,  5.798167789211955E-03,  1.003921632046716E+00,  2.432133825503994E-04,
2453861.500000000, A.D. 2006-May-06 00:00:00.0000, -7.065593190928261E-01, -7.135261247713172E-01, -1.056573054038093E-04,  1.194053405431794E-02, -1.216427251490089E-02,  6.538795645447329E-07,  5.799568378871509E-03,  1.004164136628847E+00,  2.418235617575038E-04,
2453862.500000000, A.D. 2006-May-07 00:00:00.0000, -6.945176665160796E-01, -7.255861580033158E-01, -1.049651318292436E-04,  1.214214373338833E-02, -1.195528358180130E-02,  7.265063062981543E-07,  5.800961412496965E-03,  1.004405332924229E+00,  2.405949725318924E-04,
2453863.500000000, A.D. 2006-May-08 00:00:00.0000, -6.822762866167387E-01, -7.374356855703340E-01, -1.042125993852904E-04,  1.233998855686452E-02, -1.174327541629750E-02,  7.742283980728038E-07,  5.802347788481657E-03,  1.004645376484847E+00,  2.395160650075456E-04,
2453864.500000000, A.D. 2006-May-09 00:00:00.0000, -6.698389440072727E-01, -7.490717302258797E-01, -1.034256430319729E-04,  1.253406973979250E-02, -1.152833126123300E-02,  7.950631103828050E-07,  5.803728334287297E-03,  1.004884410581254E+00,  2.385736320500722E-04,
2453865.500000000, A.D. 2006-May-10 00:00:00.0000, -6.572093996295645E-01, -7.604913956013690E-01, -1.026319326058617E-04,  1.272439365947779E-02, -1.131052940378910E-02,  7.875419936145049E-07,  5.805103792621286E-03,  1.005122563809252E+00,  2.377511971770324E-04,
2453866.500000000, A.D. 2006-May-11 00:00:00.0000, -6.443914049629040E-01, -7.716918603478583E-01, -1.018602819547260E-04,  1.291097296897866E-02, -1.108994115608802E-02,  7.508840057135562E-07,  5.806474796297745E-03,  1.005359945737208E+00,  2.370267837869866E-04,
2453867.500000000, A.D. 2006-May-12 00:00:00.0000, -6.313886956631628E-01, -7.826703696850220E-01, -1.011398309005991E-04,  1.309382651845105E-02, -1.086662776793443E-02,  6.852700072519542E-07,  5.807841829626749E-03,  1.005596640220812E+00,  2.363705752576284E-04,
2453868.500000000, A.D. 2006-May-13 00:00:00.0000, -6.182049861063711E-01, -7.934242235753840E-01, -1.004989234154900E-04,  1.327297755538086E-02, -1.064063689261025E-02,  5.921645210222372E-07,  5.809205177438175E-03,  1.005832696576828E+00,  2.357430822716017E-04,
2453869.500000000, A.D. 2006-May-14 00:00:00.0000, -6.048439667077220E-01, -8.039507615026714E-01, -9.996367272481931E-05,  1.344844996936343E-02, -1.041199949389859E-02,  4.746052232853026E-07,  5.810564866565092E-03,  1.006068119451259E+00,  2.350944675901363E-04,
2453870.500000000, A.D. 2006-May-15 00:00:00.0000, -5.913093058967361E-01, -8.142473447965437E-01, -9.955629130234731E-05,  1.362026282038991E-02, -1.018072819325871E-02,  3.373686959646816E-07,  5.811920608064966E-03,  1.006302858815256E+00,  2.343655385127574E-04,
2453871.500000000, A.D. 2006-May-16 00:00:00.0000, -5.776046581215142E-01, -8.243113383799928E-01, -9.929335039540131E-05,  1.378842391924462E-02, -9.946817869993510E-03,  1.869357050758425E-07,  5.813271750483275E-03,  1.006536801872965E+00,  2.334905669894962E-04,
2453872.500000000, A.D. 2006-May-17 00:00:00.0000, -5.637336782841809E-01, -8.341400944014222E-01, -9.918419067194236E-05,  1.395292358346654E-02, -9.710248830729297E-03,  3.122286213708704E-08,  5.814617254058438E-03,  1.006769768595248E+00,  2.324016334238996E-04,
2453873.500000000, A.D. 2006-May-18 00:00:00.0000, -5.497000418602216E-01, -8.437309402171919E-01, -9.922971047306280E-05,  1.411372967456722E-02, -9.470992243045026E-03, -1.208959952355013E-07,  5.815955692848825E-03,  1.007001512087967E+00,  2.310338229927211E-04,
2453874.500000000, A.D. 2006-May-19 00:00:00.0000, -5.355074690172448E-01, -8.530811726361257E-01, -9.942171147077515E-05,  1.427078463901635E-02, -9.229017082576696E-03, -2.602132444829612E-07,  5.817285287492568E-03,  1.007231724264163E+00,  2.293305229172950E-04,
2453875.500000000, A.D. 2006-May-20 00:00:00.0000, -5.211597505802185E-01, -8.621880595194029E-01, -9.974290878874411E-05,  1.442400477720151E-02, -8.984297774256860E-03, -3.778817540004845E-07,  5.818603967489309E-03,  1.007460046627814E+00,  2.272482869510758E-04,
2453876.500000000, A.D. 2006-May-21 00:00:00.0000, -5.066607736381138E-01, -8.710488491133913E-01, -1.001676471895793E-04,  1.457328167625419E-02, -8.736821945052394E-03, -4.661259741504598E-07,  5.819909459736971E-03,  1.007686085603494E+00,  2.247610456628579E-04,
2453877.500000000, A.D. 2006-May-22 00:00:00.0000, -4.920145446447961E-01, -8.796607870412991E-01, -1.006633227166473E-04,  1.471848580980378E-02, -8.486597934909327E-03, -5.189367954640993E-07,  5.821199399278728E-03,  1.007909431711624E+00,  2.218635626933859E-04,
2453878.500000000, A.D. 2006-May-23 00:00:00.0000, -4.772252077407381E-01, -8.880211405109997E-01, -1.011924753848152E-04,  1.485947255283544E-02, -8.233661610282880E-03, -5.327091746896507E-07,  5.822471457161392E-03,  1.008129681706458E+00,  2.185738161518287E-04,
2453879.500000000, A.D. 2006-May-24 00:00:00.0000, -4.622970557322729E-01, -8.961272286177848E-01, -1.017154578767060E-04,  1.499609086545583E-02, -7.978081529635412E-03, -5.067376141861853E-07,  5.823723477229995E-03,  1.008346462261337E+00,  2.149335529993037E-04,
2453880.500000000, A.D. 2006-May-25 00:00:00.0000, -4.472345311539053E-01, -9.039764563803381E-01, -1.021934737145211E-04,  1.512819430026440E-02, -7.719960972374113E-03, -4.434347885844143E-07,  5.824953608441936E-03,  1.008559452878170E+00,  2.110060272859054E-04,
2453881.500000000, A.D. 2006-May-26 00:00:00.0000, -4.320422157304057E-01, -9.115663486067191E-01, -1.025916373106842E-04,  1.525565284274313E-02, -7.459435383880285E-03, -3.481389061863986E-07,  5.826160414348004E-03,  1.008768404843485E+00,  2.068703318552357E-04,
2453882.500000000, A.D. 2006-May-27 00:00:00.0000, -4.167248086144035E-01, -9.188945786763637E-01, -1.028816113452650E-04,  1.537836305162733E-02, -7.196664831342307E-03, -2.284657742933733E-07,  5.827342940922979E-03,  1.008973152972937E+00,  2.026128460223665E-04,
2453883.500000000, A.D. 2006-May-28 00:00:00.0000, -4.012870964476938E-01, -9.259589877676221E-01, -1.030434087153911E-04,  1.549625390831465E-02, -6.931822809883458E-03, -9.331811419579928E-08,  5.828500730801678E-03,  1.009173618076198E+00,  1.983176152956996E-04,
2453884.500000000, A.D. 2006-May-29 00:00:00.0000, -3.857339203482940E-01, -9.327575921951318E-01, -1.030661319976692E-04,  1.560928705597358E-02, -6.665084182630305E-03,  4.820153565860493E-08,  5.829633784745405E-03,  1.009369800285084E+00,  1.940580934779941E-04,
2453885.500000000, A.D. 2006-May-30 00:00:00.0000, -3.700701452725459E-01, -9.392885795268754E-01, -1.029476927406770E-04,  1.571745207410282E-02, -6.396615234868752E-03,  1.877040842289442E-07,  5.830742484193834E-03,  1.009561765643829E+00,  1.898921418803642E-04,
2453886.500000000, A.D. 2006-May-31 00:00:00.0000, -3.543006357191513E-01, -9.455502966548104E-01, -1.026937830147615E-04,  1.582075894744885E-02, -6.126567699412886E-03,  3.180792034454626E-07,  5.831827496041408E-03,  1.009749629621624E+00,  1.858608459412112E-04,
2453887.500000000, A.D. 2006-Jun-01 00:00:00.0000, -3.384302393052345E-01, -9.515412340282835E-01, -1.023164727609609E-04,  1.591923023807928E-02, -5.855076965679698E-03,  4.336853415416110E-07,  5.832889680047878E-03,  1.009933541081257E+00,  1.819904086512543E-04,
2453888.500000000, A.D. 2006-Jun-02 00:00:00.0000, -3.224637775068789E-01, -9.572600097867483E-01, -1.018327713347469E-04,  1.601289480708349E-02, -5.582263432749163E-03,  5.302518500102717E-07,  5.833930012745520E-03,  1.010113669104049E+00,  1.782957220210381E-04,
2453889.500000000, A.D. 2006-Jun-03 00:00:00.0000, -3.064060415220461E-01, -9.627053561886092E-01, -1.012633755654537E-04,  1.610178390288925E-02, -5.308235495708135E-03,  6.046263880297591E-07,  5.834949533451914E-03,  1.010290193642261E+00,  1.747842514811522E-04,
2453890.500000000, A.D. 2006-Jun-04 00:00:00.0000, -2.902617908485568E-01, -9.678761092597357E-01, -1.006316953653400E-04,  1.618592958771585E-02, -5.033092802563045E-03,  6.544902111810721E-07,  5.835949311200374E-03,  1.010463299793275E+00,  1.714592749502519E-04,
2453891.500000000, A.D. 2006-Jun-05 00:00:00.0000, -2.740357524630280E-01, -9.727712014164824E-01, -9.996314196320320E-05,  1.626536500553699E-02, -4.756928821377380E-03,  6.781291806258299E-07,  5.836930427185885E-03,  1.010633174760197E+00,  1.683219616239814E-04,
2453892.500000000, A.D. 2006-Jun-06 00:00:00.0000, -2.577326190871972E-01, -9.773896560578905E-01, -9.928459374373562E-05,  1.634012582275363E-02, -4.479832141601964E-03,  6.743141128710606E-07,  5.837893965321916E-03,  1.010800006216828E+00,  1.653720850689518E-04,
2453893.500000000, A.D. 2006-Jun-07 00:00:00.0000, -2.413570457232998E-01, -9.817305826911398E-01, -9.862391424925831E-05,  1.641025212780453E-02, -4.201886206420751E-03,  6.423192872463540E-07,  5.838841002856107E-03,  1.010963980682813E+00,  1.626073336765544E-04,
2453894.500000000, A.D. 2006-Jun-08 00:00:00.0000, -2.249136443740363E-01, -9.857931709553558E-01, -9.800937763291957E-05,  1.647579002947393E-02, -3.923167378209029E-03,  5.820891094693692E-07,  5.839772593099789E-03,  1.011125280533359E+00,  1.600212916715478E-04,
2453895.500000000, A.D. 2006-Jun-09 00:00:00.0000, -2.084069776623663E-01, -9.895766819254882E-01, -9.746885727677781E-05,  1.653679211176487E-02, -3.643741484675161E-03,  4.945406547741631E-07,  5.840689733157705E-03,  1.011284078411798E+00,  1.576003213689557E-04,
2453896.500000000, A.D. 2006-Jun-10 00:00:00.0000, -1.918415529382075E-01, -9.930804354044929E-01, -9.702866165652751E-05,  1.659331586298919E-02, -3.363659379786707E-03,  3.819550798276357E-07,  5.841593311623205E-03,  1.011440528173299E+00,  1.553198595908391E-04,
2453897.500000000, A.D. 2006-Jun-11 00:00:00.0000, -1.752218192800396E-01, -9.963037927065869E-01, -9.671197189605321E-05,  1.664541937335173E-02, -3.082952592438396E-03,  2.483625811685741E-07,  5.842484035282202E-03,  1.011594752194050E+00,  1.531410388868049E-04,
2453898.500000000, A.D. 2006-Jun-12 00:00:00.0000, -1.585521702518733E-01, -9.992461357829149E-01, -9.653695553939664E-05,  1.669315418086182E-02, -2.801630658837361E-03,  9.977853309083112E-08,  5.843362340241938E-03,  1.011746825983680E+00,  1.510089010939474E-04,
2453899.500000000, A.D. 2006-Jun-13 00:00:00.0000, -1.418369549138123E-01, -1.001906845257872E+00, -9.651478450694324E-05,  1.673655616836103E-02, -2.519681876594496E-03, -5.586482988955199E-08,  5.844228300515539E-03,  1.011896762357163E+00,  1.488534881847307E-04,
2453900.500000000, A.D. 2006-Jun-14 00:00:00.0000, -1.250804981016091E-01, -1.004285281444979E+00, -9.664791999676220E-05,  1.677563654290844E-02, -2.237078597539098E-03, -2.091920647313517E-07,  5.845081553114321E-03,  1.012044498464957E+00,  1.465944972069442E-04,
2453901.500000000, A.D. 2006-Jun-15 00:00:00.0000, -1.082871285974027E-01, -1.006380772874683E+00, -9.692906985518996E-05,  1.681037550051137E-02, -1.953786768598942E-03, -3.502390770713140E-07,  5.845921259479785E-03,  1.012189889115160E+00,  1.441490180230187E-04,
2453902.500000000, A.D. 2006-Jun-16 00:00:00.0000, -9.146121138079595E-02, -1.008192615751951E+00, -9.734112584279579E-05,  1.684072063643319E-02, -1.669777826703025E-03, -4.695206403938601E-07,  5.846746116654103E-03,  1.012332708707616E+00,  1.414406640886327E-04,
2453903.500000000, A.D. 2006-Jun-17 00:00:00.0000, -7.460717880460142E-02, -1.009720085336025E+00, -9.785817233114998E-05,  1.686659061896327E-02, -1.385040179997799E-03, -5.590638246269598E-07,  5.847554419856340E-03,  1.012472662068657E+00,  1.384078865209461E-04,
2453904.500000000, A.D. 2006-Jun-18 00:00:00.0000, -5.772955589809840E-02, -1.010962457553439E+00, -9.844741795414720E-05,  1.688788295708963E-02, -1.099587886981545E-03, -6.131928477094594E-07,  5.848344166345399E-03,  1.012609402434411E+00,  1.350097573512457E-04,
2453905.500000000, A.D. 2006-Jun-19 00:00:00.0000, -4.083297670818249E-02, -1.011919037368072E+00, -9.907174046204669E-05,  1.690448379901216E-02, -8.134654289474874E-04, -6.289646849880006E-07,  5.849113183678832E-03,  1.012742553658128E+00,  1.312286349540761E-04,
2453906.500000000, A.D. 2006-Jun-20 00:00:00.0000, -2.392219064054595E-02, -1.012589190011635E+00, -9.969249540841043E-05,  1.691627787751811E-02, -5.267487684588044E-04, -6.062706778550927E-07,  5.849859265217952E-03,  1.012871733672164E+00,  1.270701320224458E-04,
2453907.500000000, A.D. 2006-Jun-21 00:00:00.0000, -7.002059276539731E-03, -1.012972371755406E+00, -1.002722892428800E-04,  1.692315749815596E-02, -2.395435227881557E-04, -5.476769555355715E-07,  5.850580299618194E-03,  1.012996576908539E+00,  1.225611973584084E-04,
2453908.500000000, A.D. 2006-Jun-22 00:00:00.0000,  9.922455128684029E-03, -1.013068157746180E+00, -1.007774918707235E-04,  1.692503015255020E-02,  4.801898087109775E-05, -4.580719524181598E-07,  5.851274385398581E-03,  1.013116754136029E+00,  1.177469402501826E-04,
2453909.500000000, A.D. 2006-Jun-23 00:00:00.0000,  2.684630799373635E-02, -1.012876265031607E+00, -1.011803177982519E-04,  1.692182455668670E-02,  3.357873309962687E-04, -3.441607693163274E-07,  5.851939924250058E-03,  1.013231988615998E+00,  1.126864650005807E-04,
2453910.500000000, A.D. 2006-Jun-24 00:00:00.0000,  4.376439587128457E-02, -1.012396569241849E+00, -1.014603364864607E-04,  1.691349476011753E-02,  6.235970337044238E-04, -2.138348092202936E-07,  5.852575687682298E-03,  1.013342067641941E+00,  1.074478282403180E-04,
2453911.500000000, A.D. 2006-Jun-25 00:00:00.0000,  6.067158284166373E-02, -1.011629113787589E+00, -1.016053090094015E-04,  1.690002182128849E-02,  9.112783546566833E-04, -7.546598378789920E-08,  5.853180852634835E-03,  1.013446848705355E+00,  1.021024116074832E-04,
2453912.500000000, A.D. 2006-Jun-26 00:00:00.0000,  7.756272721057585E-02, -1.010574111174763E+00, -1.016113154937443E-04,  1.688141272273455E-02,  1.198664057072767E-03,  6.278910633831199E-08,  5.853755004371962E-03,  1.013546259996980E+00,  9.671935397340969E-05,
2453913.500000000, A.D. 2006-Jun-27 00:00:00.0000,  9.443270580388786E-02, -1.009231937119464E+00, -1.014822354157539E-04,  1.685769674203406E-02,  1.485595872866727E-03,  1.935705946409939E-07,  5.854298109467253E-03,  1.013640295729207E+00,  9.136090698830681E-05,
2453914.500000000, A.D. 2006-Jun-28 00:00:00.0000,  1.112764336944979E-01, -1.007603119241633E+00, -1.012287408649084E-04,  1.682892013084230E-02,  1.771928756725189E-03,  3.106975688952073E-07,  5.854810466499849E-03,  1.013729007599414E+00,  8.607945578527226E-05,
2453915.500000000, A.D. 2006-Jun-29 00:00:00.0000,  1.280888782705320E-01, -1.005688322793605E+00, -1.008670231088952E-04,  1.679514033239312E-02,  2.057532560562502E-03,  4.093192008256480E-07,  5.855292645228500E-03,  1.013812494258269E+00,  8.091651545513833E-05,
2453916.500000000, A.D. 2006-Jun-30 00:00:00.0000,  1.448650677932935E-01, -1.003488335898750E+00, -1.004174739011135E-04,  1.675642091372476E-02,  2.342291439135579E-03,  4.858631900736186E-07,  5.855745425288708E-03,  1.013890890695476E+00,  7.590349721921774E-05,
2453917.500000000, A.D. 2006-Jul-01 00:00:00.0000,  1.616000955912145E-01, -1.001004056204904E+00, -9.990349140160908E-05,  1.671282799313190E-02,  2.626101767128916E-03,  5.378517707637832E-07,  5.856169743090810E-03,  1.013964359045459E+00,  7.106366807734080E-05,
2453918.500000000, A.D. 2006-Jul-02 00:00:00.0000,  1.782891215635503E-01, -9.982364799749307E-01, -9.935050132299534E-05,  1.666442843885735E-02,  2.908869500927023E-03,  5.636689633093547E-07,  5.856566651783222E-03,  1.014033081655212E+00,  6.641459892015851E-05,
2453919.500000000, A.D. 2006-Jul-03 00:00:00.0000,  1.949273727227280E-01, -9.951866937357594E-01, -9.878520324230048E-05,  1.661128969766991E-02,  3.190507824343450E-03,  5.623540968186251E-07,  5.856937295182886E-03,  1.014097256570500E+00,  6.197045628222086E-05,
2453920.500000000, A.D. 2006-Jul-04 00:00:00.0000,  2.115101442189974E-01, -9.918558678637719E-01, -9.823498569367777E-05,  1.655348084852152E-02,  3.470935719959099E-03,  5.334786698171277E-07,  5.857282893227942E-03,  1.014157095017064E+00,  5.774362636643057E-05,
2453921.500000000, A.D. 2006-Jul-05 00:00:00.0000,  2.280328018033902E-01, -9.882452509422186E-01, -9.772740567977217E-05,  1.649107432172378E-02,  3.750077914114267E-03,  4.771458784911821E-07,  5.857604733906765E-03,  1.014212820003178E+00,  5.374527450115552E-05,
2453922.500000000, A.D. 2006-Jul-06 00:00:00.0000,  2.444907860597733E-01, -9.843561633632911E-01, -9.728959682284087E-05,  1.642414758899047E-02,  4.027866474287690E-03,  3.941363553369569E-07,  5.857904164546211E-03,  1.014264664811256E+00,  4.998451453361195E-05,
2453923.500000000, A.D. 2006-Jul-07 00:00:00.0000,  2.608796179574005E-01, -9.801899884670401E-01, -9.694745603704144E-05,  1.635278395175766E-02,  4.304244124419910E-03,  2.862036910396388E-07,  5.858182573665538E-03,  1.014312869855956E+00,  4.646594246600292E-05,
2453924.500000000, A.D. 2006-Jul-08 00:00:00.0000,  2.771949043026530E-01, -9.757481596154548E-01, -9.672447089648645E-05,  1.627707136151325E-02,  4.579168960337085E-03,  1.564880851147420E-07,  5.858441353680844E-03,  1.014357676226649E+00,  4.318549428414674E-05,
2453925.500000000, A.D. 2006-Jul-09 00:00:00.0000,  2.934323405597937E-01, -9.710321422241864E-01, -9.664010916573927E-05,  1.619709817071598E-02,  4.852619585449157E-03,  9.956920575844070E-09,  5.858681835722895E-03,  1.014399314401485E+00,  4.012506072520663E-05,
2453926.500000000, A.D. 2006-Jul-10 00:00:00.0000,  3.095877075773865E-01, -9.660434111871189E-01, -9.670782140270540E-05,  1.611294516091042E-02,  5.124598805950365E-03, -1.462963634380874E-07,  5.858905192486497E-03,  1.014437987426274E+00,  3.724708443198031E-05,
2453927.500000000, A.D. 2006-Jul-11 00:00:00.0000,  3.256568586522433E-01, -9.607834263760907E-01, -9.693290892198822E-05,  1.602467443504347E-02,  5.395133343204540E-03, -3.031206045710858E-07,  5.859112314729664E-03,  1.014473849530986E+00,  3.449124647200442E-05,
2453928.500000000, A.D. 2006-Jul-12 00:00:00.0000,  3.416356948753687E-01, -9.552536114079739E-01, -9.731072893707678E-05,  1.593231767202886E-02,  5.664267319741383E-03, -4.499348838497856E-07,  5.859303680632202E-03,  1.014506983509887E+00,  3.177568021024027E-05,
2453929.500000000, A.D. 2006-Jul-13 00:00:00.0000,  3.575201300997294E-01, -9.494553422995956E-01, -9.782582520182681E-05,  1.583586786523084E-02,  5.932049182498083E-03, -5.759325253803216E-07,  5.859479249212541E-03,  1.014537382267239E+00,  2.900416403387288E-05,
2453930.500000000, A.D. 2006-Jul-14 00:00:00.0000,  3.733060511163365E-01, -9.433899514731184E-01, -9.845245476449392E-05,  1.573527851305906E-02,  6.198514786632388E-03, -6.716042612148242E-07,  5.859638410986410E-03,  1.014564940274111E+00,  2.607835756005952E-05,
2453931.500000000, A.D. 2006-Jul-15 00:00:00.0000,  3.889892814704761E-01, -9.370587485158421E-01, -9.915660877035769E-05,  1.563047161923354E-02,  6.463671726507324E-03, -7.301207730490527E-07,  5.859780015885088E-03,  1.014589458402277E+00,  2.291159005835086E-05,
2453932.500000000, A.D. 2006-Jul-16 00:00:00.0000,  4.045655568217717E-01, -9.304630538770990E-01, -9.989915953822828E-05,  1.552135210409134E-02,  6.727489756410474E-03, -7.481488395513651E-07,  5.859902474614338E-03,  1.014610661473971E+00,  1.943983877784919E-05,
2453933.500000000, A.D. 2006-Jul-17 00:00:00.0000,  4.200305159535035E-01, -9.236042381179107E-01, -1.006394589861528E-04,  1.540782384153222E-02,  6.989899289079173E-03, -7.259383532642078E-07,  5.860003907853068E-03,  1.014628224094832E+00,  1.562706728443768E-05,
2453934.500000000, A.D. 2006-Jul-18 00:00:00.0000,  4.353797067168060E-01, -9.164837591011700E-01, -1.013387082844359E-04,  1.528980292096401E-02,  7.250796562055090E-03, -6.668201557170108E-07,  5.860082309137362E-03,  1.014641798856403E+00,  1.146482374843152E-05,
2453935.500000000, A.D. 2006-Jul-19 00:00:00.0000,  4.506086028681039E-01, -9.091031920076277E-01, -1.019626523953188E-04,  1.516722604422266E-02,  7.510052249480034E-03, -5.764093516936219E-07,  5.860135693258816E-03,  1.014651042030503E+00,  6.968034826639277E-06,
2453936.500000000, A.D. 2006-Jul-20 00:00:00.0000,  4.657126269065276E-01, -9.014642503089340E-01, -1.024834460070059E-04,  1.504005431133371E-02,  7.767520536444823E-03, -4.617799447229477E-07,  5.860162215230887E-03,  1.014655634167615E+00,  2.169378706689602E-06,
2453937.500000000, A.D. 2006-Jul-21 00:00:00.0000,  4.806871749742649E-01, -8.935687981854551E-01, -1.028807450415774E-04,  1.490827382770953E-02,  8.023046999486571E-03, -3.307544550294958E-07,  5.860160256897879E-03,  1.014655295092765E+00, -2.886104392368304E-06,
2453938.500000000, A.D. 2006-Jul-22 00:00:00.0000,  4.955276413934632E-01, -8.854188558599255E-01, -1.031421612883183E-04,  1.477189456955371E-02,  8.276474905549917E-03, -1.913390097346243E-07,  5.860128484869572E-03,  1.014649793936595E+00, -8.145516586912696E-06,
2453939.500000000, A.D. 2006-Jul-23 00:00:00.0000,  5.102294415874196E-01, -8.770165993208544E-01, -1.032632147673849E-04,  1.463094837904649E-02,  8.527650198382758E-03, -5.127775800076640E-08,  5.860065884980937E-03,  1.014638955101872E+00, -1.355176684667746E-05,
2453940.500000000, A.D. 2006-Jul-24 00:00:00.0000,  5.247880327081157E-01, -8.683643555668239E-01, -1.032468867499643E-04,  1.448548640082576E-02,  8.776425512231881E-03,  8.230388124469792E-08,  5.859971777350734E-03,  1.014622660870808E+00, -1.904666852304528E-05,
2453941.500000000, A.D. 2006-Jul-25 00:00:00.0000,  5.391989314404094E-01, -8.594645942646477E-01, -1.031028554978666E-04,  1.433557600059140E-02,  9.022663326867597E-03,  2.031765814771168E-07,  5.859845814728720E-03,  1.014600851118889E+00, -2.457363921162339E-05,
2453942.500000000, A.D. 2006-Jul-26 00:00:00.0000,  5.534577284889164E-01, -8.503199167237998E-01, -1.028464982929567E-04,  1.418129723761135E-02,  9.266238149716933E-03,  3.061944704186696E-07,  5.859687966462945E-03,  1.014573520538893E+00, -3.007995628596211E-05,
2453943.500000000, A.D. 2006-Jul-27 00:00:00.0000,  5.675600994142983E-01, -8.409330432499497E-01, -1.024977575639192E-04,  1.402273915139863E-02,  9.507037553041704E-03,  3.873777717200634E-07,  5.859498491180845E-03,  1.014540713910773E+00, -3.551837215954136E-05,
2453944.500000000, A.D. 2006-Jul-28 00:00:00.0000,  5.815018118377356E-01, -8.313068000589110E-01, -1.020799782955083E-04,  1.385999629022386E-02,  9.744962028038276E-03,  4.438890292170375E-07,  5.859277902484742E-03,  1.014502520162014E+00, -4.084789331049619E-05,
2453945.500000000, A.D. 2006-Jul-29 00:00:00.0000,  5.952787294884470E-01, -8.214441068558749E-01, -1.016188150557479E-04,  1.369316593865859E-02,  9.979923853324722E-03,  4.739227650698610E-07,  5.859026932763039E-03,  1.014459066101737E+00, -4.603365800034220E-05,
2453946.500000000, A.D. 2006-Jul-30 00:00:00.0000,  6.088868139755192E-01, -8.113479658732425E-01, -1.011412769894786E-04,  1.352234637783485E-02,  1.021184539169549E-02,  4.765475365057911E-07,  5.858746500067176E-03,  1.014410510685622E+00, -5.104603170420767E-05,
2453947.500000000, A.D. 2006-Jul-31 00:00:00.0000,  6.223221253953353E-01, -8.010214526773503E-01, -1.006749343297427E-04,  1.334763629616895E-02,  1.044065734841655E-02,  4.515492577197446E-07,  5.858437681829006E-03,  1.014357040465211E+00, -5.585919996474110E-05,
2453948.500000000, A.D. 2006-Aug-01 00:00:00.0000,  6.355808228859378E-01, -7.904677085067398E-01, -1.002472603316248E-04,  1.316913523470382E-02,  1.066629753761596E-02,  3.993248190794919E-07,  5.858101697250265E-03,  1.014298866538741E+00, -6.044964230470122E-05,
2453949.500000000, A.D. 2006-Aug-02 00:00:00.0000,  6.486591660152321E-01, -7.796899333830140E-01, -9.988503628108412E-05,  1.298694473770807E-02,  1.088871064479606E-02,  3.208686823104578E-07,  5.857739897791842E-03,  1.014236222904411E+00, -6.479493158124634E-05,
2453950.500000000, A.D. 2006-Aug-03 00:00:00.0000,  6.615535174584601E-01, -7.686913787947620E-01, -9.961370942550956E-05,  1.280116967316559E-02,  1.110784937157215E-02,  2.178847074285870E-07,  5.857353762479228E-03,  1.014169365647545E+00, -6.887335398143182E-05,
2453951.500000000, A.D. 2006-Aug-04 00:00:00.0000,  6.742603467708856E-01, -7.574753384442163E-01, -9.945656897937312E-05,  1.261191895206095E-02,  1.132367718177411E-02,  9.303879026110985E-08,  5.856944891723849E-03,  1.014098571870794E+00, -7.266489760640435E-05,
2453952.500000000, A.D. 2006-Aug-05 00:00:00.0000,  6.867762341561791E-01, -7.460451354708245E-01, -9.943360373255994E-05,  1.241930460523199E-02,  1.153617254328769E-02, -4.966345484316507E-08,  5.856514990139452E-03,  1.014024136718878E+00, -7.615415897673129E-05,
2453953.500000000, A.D. 2006-Aug-06 00:00:00.0000,  6.990978719776314E-01, -7.344041049520413E-01, -9.955994685370330E-05,  1.222343798441858E-02,  1.174533393890567E-02, -2.044475890936388E-07,  5.856065826096102E-03,  1.013946366375581E+00, -7.933551311992325E-05,
2453954.500000000, A.D. 2006-Aug-07 00:00:00.0000,  7.112220605738256E-01, -7.225555716726542E-01, -9.984392911162656E-05,  1.202442205243568E-02,  1.195118393810599E-02, -3.634516319494172E-07,  5.855599155353415E-03,  1.013865564841259E+00, -8.222024676928239E-05,
2453955.500000000, A.D. 2006-Aug-08 00:00:00.0000,  7.231456943458376E-01, -7.105028254177367E-01, -1.002849714182452E-04,  1.182233979078967E-02,  1.215376954571358E-02, -5.167708889930148E-07,  5.855116601165994E-03,  1.013782013173733E+00, -8.484411043049797E-05,
2453956.500000000, A.D. 2006-Aug-09 00:00:00.0000,  7.348657351195470E-01, -6.982490991011662E-01, -1.008718193012093E-04,  1.161724093923475E-02,  1.235315572640104E-02, -6.531347469615789E-07,  5.854619496653076E-03,  1.013695942195443E+00, -8.727221307584767E-05,
2453957.500000000, A.D. 2006-Aug-10 00:00:00.0000,  7.463791733339595E-01, -6.857975575234216E-01, -1.015818256828277E-04,  1.140913187988729E-02,  1.254941065070965E-02, -7.613177788039758E-07,  5.854108715805434E-03,  1.013607503233201E+00, -8.959747636136777E-05,
2453958.500000000, A.D. 2006-Aug-11 00:00:00.0000,  7.576829831400315E-01, -6.731513041861401E-01, -1.023819204902657E-04,  1.119797443567378E-02,  1.274258514657650E-02, -8.320231141787422E-07,  5.853584538125644E-03,  1.013516744681377E+00, -9.193044898232530E-05,
2453959.500000000, A.D. 2006-Aug-12 00:00:00.0000,  7.687740822383159E-01, -6.603134088716834E-01, -1.032314465211528E-04,  1.098369662366724E-02,  1.293269306265783E-02, -8.596086890204803E-07,  5.853046593777484E-03,  1.013423602504816E+00, -9.438231128211165E-05,
2453960.500000000, A.D. 2006-Aug-13 00:00:00.0000,  7.796493075778845E-01, -6.472869511311228E-01, -1.040863504794244E-04,  1.076621267923399E-02,  1.311970015943297E-02, -8.429796547156692E-07,  5.852493913009135E-03,  1.013327908796194E+00, -9.704693491270553E-05,
2453961.500000000, A.D. 2006-Aug-14 00:00:00.0000,  7.903054127243582E-01, -6.340750688358562E-01, -1.049037057828675E-04,  1.054544497398948E-02,  1.330352518982146E-02, -7.853590951490499E-07,  5.851925065653640E-03,  1.013229415929779E+00, -9.998853565139832E-05,
2453962.500000000, A.D. 2006-Aug-15 00:00:00.0000,  8.007390848789425E-01, -6.206810003106557E-01, -1.056455338665062E-04,  1.032134043097135E-02,  1.348405084587511E-02, -6.931939336715241E-07,  5.851338346956749E-03,  1.013127828736523E+00, -1.032381103725804E-04,
2453963.500000000, A.D. 2006-Aug-16 00:00:00.0000,  8.109469739657889E-01, -6.071081130033700E-01, -1.062813286270641E-04,  1.009387811208550E-02,  1.366113868810390E-02, -5.747517148972782E-07,  5.850731960899118E-03,  1.013022836245316E+00, -1.067973542950554E-04,
2453964.500000000, A.D. 2006-Aug-17 00:00:00.0000,  8.209257252447403E-01, -5.933599175829010E-01, -1.067892346011643E-04,  9.863069144295923E-03,  1.383464266394476E-02, -4.388917252164983E-07,  5.850104168217195E-03,  1.012914137312009E+00, -1.106462921679674E-04,
2453965.500000000, A.D. 2006-Aug-18 00:00:00.0000,  8.306720093931198E-01, -5.794400704466970E-01, -1.071561862102211E-04,  9.628952325242421E-03,  1.400441857815432E-02, -2.942298420383693E-07,  5.849453388450249E-03,  1.012801458288309E+00, -1.147510982053332E-04,
2453966.500000000, A.D. 2006-Aug-19 00:00:00.0000,  8.401825473800113E-01, -5.653523688832759E-01, -1.073774096992199E-04,  9.391588524960727E-03,  1.417032945065719E-02, -1.486839170928462E-07,  5.848778261320469E-03,  1.012684563649414E+00, -1.190701826630731E-04,
2453967.500000000, A.D. 2006-Aug-20 00:00:00.0000,  8.494541299553592E-01, -5.511007424454160E-01, -1.074556114178012E-04,  9.151055700373931E-03,  1.433224797869426E-02, -9.278018860361434E-09,  5.848077679186816E-03,  1.012563261613225E+00, -1.235581494826778E-04,
2453968.500000000, A.D. 2006-Aug-21 00:00:00.0000,  8.584836327381212E-01, -5.366892427264901E-01, -1.074000451805845E-04,  8.907445095728153E-03,  1.449005747113135E-02,  1.179221500160095E-07,  5.847350801791085E-03,  1.012437406693542E+00, -1.281680811630260E-04,
2453969.500000000, A.D. 2006-Aug-22 00:00:00.0000,  8.672680280442849E-01, -5.221220325436133E-01, -1.072255426408847E-04,  8.660858459843403E-03,  1.464365221666732E-02,  2.278287629815165E-07,  5.846597060971188E-03,  1.012306900516150E+00, -1.328528393410855E-04,
2453970.500000000, A.D. 2006-Aug-23 00:00:00.0000,  8.758043942643958E-01, -5.074033748293743E-01, -1.069515291667663E-04,  8.411405855295649E-03,  1.479293773511970E-02,  3.163441796109294E-07,  5.845816159292653E-03,  1.012171691581865E+00, -1.375659440220253E-04,
2453971.500000000, A.D. 2006-Aug-24 00:00:00.0000,  8.840899231872730E-01, -4.925376212951511E-01, -1.066010289015501E-04,  8.159203696213663E-03,  1.493783097046760E-02,  3.803687988619394E-07,  5.845008064019331E-03,  1.012031774222600E+00, -1.422623366806841E-04,
2453972.500000000, A.D. 2006-Aug-25 00:00:00.0000,  8.921219254008342E-01, -4.775292009836721E-01, -1.061996696032888E-04,  7.904372857932475E-03,  1.507826029137008E-02,  4.177910364189462E-07,  5.844172996827611E-03,  1.011887186820431E+00, -1.468990835760210E-04,
2453973.500000000, A.D. 2006-Aug-26 00:00:00.0000,  8.998978338556178E-01, -4.623826089794050E-01, -1.057747120180194E-04,  7.647036917068908E-03,  1.521416515922620E-02,  4.274470049837663E-07,  5.843311419867737E-03,  1.011738009394193E+00, -1.514359117407749E-04,
2453974.500000000, A.D. 2006-Aug-27 00:00:00.0000,  9.074152058112958E-01, -4.471023956307791E-01, -1.053541354238220E-04,  7.387320714376731E-03,  1.534549544808651E-02,  4.090498275693262E-07,  5.842424019597338E-03,  1.011584360800340E+00, -1.558354199158012E-04,
2453975.500000000, A.D. 2006-Aug-28 00:00:00.0000,  9.146717235954384E-01, -4.316931565674459E-01, -1.049658029783310E-04,  7.125349445054883E-03,  1.547221057547463E-02,  3.631046746008275E-07,  5.841511690610344E-03,  1.011426395933009E+00, -1.600628607669912E-04,
2453976.500000000, A.D. 2006-Aug-29 00:00:00.0000,  9.216651947657212E-01, -4.161595235561625E-01, -1.046367072976415E-04,  6.861248379065802E-03,  1.559427875583724E-02,  2.908389604793716E-07,  5.840575521948365E-03,  1.011264303353909E+00, -1.640855150188182E-04,
2453977.500000000, A.D. 2006-Aug-30 00:00:00.0000,  9.283935522830522E-01, -4.005061558779001E-01, -1.043922633174416E-04,  6.595143131103511E-03,  1.571167677347161E-02,  1.941837006538386E-07,  5.839616787817276E-03,  1.011098303684949E+00, -1.678718353017890E-04,
2453978.500000000, A.D. 2006-Aug-31 00:00:00.0000,  9.348548551100729E-01, -3.847377315050139E-01, -1.042555796492524E-04,  6.327160168187765E-03,  1.582439067017046E-02,  7.584023717429293E-08,  5.838636943122423E-03,  1.010928648835182E+00, -1.713907056719583E-04,
2453979.500000000, A.D. 2006-Sep-01 00:00:00.0000,  9.410472892072940E-01, -3.688589370049672E-01, -1.042466103328768E-04,  6.057426977495148E-03,  1.593241763695458E-02, -6.054515525919115E-08,  5.837637621737155E-03,  1.010755621701005E+00, -1.746113369467836E-04,
2453980.500000000, A.D. 2006-Sep-02 00:00:00.0000,  9.469691681794448E-01, -3.528744549214536E-01, -1.043810779253829E-04,  5.786071032120945E-03,  1.603576913934567E-02, -2.101023775890101E-07,  5.836620631919796E-03,  1.010579535372645E+00, -1.775044850688182E-04,
2453981.500000000, A.D. 2006-Sep-03 00:00:00.0000,  9.526189318353623E-01, -3.367889475839163E-01, -1.046690846164148E-04,  5.513216459611318E-03,  1.613447479518237E-02, -3.664068113312143E-07,  5.835587939003748E-03,  1.010400730137031E+00, -1.800457655849935E-04,
2453982.500000000, A.D. 2006-Sep-04 00:00:00.0000,  9.579951398118622E-01, -3.206070371732785E-01, -1.051134172356042E-04,  5.238977357282344E-03,  1.622858567448213E-02, -5.212274795396083E-07,  5.834541621374000E-03,  1.010219565855368E+00, -1.822216438697457E-04,
2453983.500000000, A.D. 2006-Sep-05 00:00:00.0000,  9.630964566422473E-01, -3.043332837386828E-01, -1.057077300906097E-04,  4.963447427819125E-03,  1.631817461028255E-02, -6.645790692312150E-07,  5.833483784323662E-03,  1.010036407047858E+00, -1.840378839392278E-04,
2453984.500000000, A.D. 2006-Sep-06 00:00:00.0000,  9.679216251459820E-01, -2.879721656955779E-01, -1.064350476264904E-04,  4.686687455428803E-03,  1.640333041176231E-02, -7.853534287926511E-07,  5.832416421958816E-03,  1.009851598983266E+00, -1.855286078517839E-04,
2453985.500000000, A.D. 2006-Sep-07 00:00:00.0000,  9.724694278778431E-01, -2.715280701816656E-01, -1.072672702245492E-04,  4.408714887252004E-03,  1.648414377936052E-02, -8.727017200129164E-07,  5.831341233969867E-03,  1.009665435953864E+00, -1.867620744429124E-04,
2453986.500000000, A.D. 2006-Sep-08 00:00:00.0000,  9.767386417941830E-01, -2.550053013033068E-01, -1.081663863959182E-04,  4.129501737126491E-03,  1.656068625283491E-02, -9.179976923026100E-07,  5.830259430177033E-03,  1.009478127433528E+00, -1.878384139650828E-04,
2453987.500000000, A.D. 2006-Sep-09 00:00:00.0000,  9.807279971147904E-01, -2.384081104270684E-01, -1.090876928469285E-04,  3.848985457370319E-03,  1.663298861910379E-02, -9.167537071024623E-07,  5.829171578425779E-03,  1.009289771741653E+00, -1.888768659264376E-04,
2453988.500000000, A.D. 2006-Sep-10 00:00:00.0000,  9.844361532931306E-01, -2.217407444816539E-01, -1.099845530260836E-04,  3.567091422151278E-03,  1.670102794285258E-02, -8.696533378564380E-07,  5.828077550798114E-03,  1.009100346729926E+00, -1.899954910949880E-04,
2453989.500000000, A.D. 2006-Sep-11 00:00:00.0000,  9.878617000724036E-01, -2.050075001506029E-01, -1.108135148953548E-04,  3.283758891238680E-03,  1.676472916411353E-02, -7.822122458103329E-07,  5.826976590516484E-03,  1.008909721366374E+00, -1.912911382882162E-04,
2453990.500000000, A.D. 2006-Sep-12 00:00:00.0000,  9.910031819877854E-01, -1.882127695510528E-01, -1.115384693751696E-04,  2.998960510187628E-03,  1.682397961378299E-02, -6.632937809003689E-07,  5.825867474495303E-03,  1.008717683880293E+00, -1.928273082294901E-04,
2453991.500000000, A.D. 2006-Sep-13 00:00:00.0000,  9.938591366170486E-01, -1.713610679889216E-01, -1.121330522814580E-04,  2.712709996858648E-03,  1.687864888299079E-02, -5.232177083534047E-07,  5.824748715280721E-03,  1.008523976727034E+00, -1.946325811667629E-04,
2453992.500000000, A.D. 2006-Sep-14 00:00:00.0000,  9.964281349092583E-01, -1.544570425517966E-01, -1.125812618244792E-04,  2.425059257935874E-03,  1.692860623376000E-02, -3.721742483765177E-07,  5.823618747224889E-03,  1.008328328823073E+00, -1.967068983300976E-04,
2453993.500000000, A.D. 2006-Sep-15 00:00:00.0000,  9.987088153630030E-01, -1.375054663622877E-01, -1.128767978599412E-04,  2.136089877871152E-03,  1.697373158867840E-02, -2.192725390538349E-07,  5.822476065427152E-03,  1.008130479602940E+00, -1.990308455907054E-04,
2453994.500000000, A.D. 2006-Sep-16 00:00:00.0000,  1.000699908947016E+00, -1.205112251425625E-01, -1.130217597966751E-04,  1.845903760647011E-03,  1.701392016957917E-02, -7.218154370783679E-08,  5.821319312109638E-03,  1.007930193974685E+00, -2.015741089668558E-04,
2453995.500000000, A.D. 2006-Sep-17 00:00:00.0000,  1.002400255466147E+00, -1.034793014670576E-01, -1.130251941819745E-04,  1.554615645518808E-03,  1.704908289047429E-02,  6.285113808588650E-08,  5.820147321156639E-03,  1.007727270031630E+00, -2.043013830893159E-04,
2453996.500000000, A.D. 2006-Sep-18 00:00:00.0000,  1.003808813750041E+00, -8.641475976943522E-02, -1.129017572541858E-04,  1.262348237830048E-03,  1.707914479291950E-02,  1.808192321515711E-07,  5.818959136345407E-03,  1.007521542208940E+00, -2.071756472313966E-04,
2453997.500000000, A.D. 2006-Sep-19 00:00:00.0000,  1.004924668138877E+00, -6.932273318603903E-02, -1.126705739764645E-04,  9.692295547827102E-04,  1.710404313776225E-02,  2.777624483604891E-07,  5.817754016693212E-03,  1.007312882209432E+00, -2.101594898523573E-04,
2453998.500000000, A.D. 2006-Sep-20 00:00:00.0000,  1.005747033093581E+00, -5.220841210464216E-02, -1.123542679568263E-04,  6.753916898375931E-04,  1.712372598481864E-02,  3.506265683126183E-07,  5.816531437776532E-03,  1.007101199231989E+00, -2.132153097526891E-04,
2453999.500000000, A.D. 2006-Sep-21 00:00:00.0000,  1.006275256952603E+00, -3.507703377068302E-02, -1.119780950750682E-04,  3.809702279980708E-04,  1.713815150207298E-02,  3.971954358325150E-07,  5.815291093433726E-03,  1.006886440266364E+00, -2.163050774174869E-04,
2454000.500000000, A.D. 2006-Sep-22 00:00:00.0000,  1.006508825186192E+00, -1.793387225832688E-02, -1.115691146053945E-04,  8.610375390948769E-05,  1.714728788868585E-02,  4.160799045370127E-07,  5.814032898975975E-03,  1.006668590649144E+00, -2.193901059932139E-04,
2454001.500000000, A.D. 2006-Sep-23 00:00:00.0000,  1.006447363070382E+00, -7.842283255132443E-04, -1.111553544672482E-04, -2.090668448272920E-04,  1.715111363236280E-02,  4.067356459276583E-07,  5.812756995125580E-03,  1.006447674745639E+00, -2.224310459795046E-04,
2454002.500000000, A.D. 2006-Sep-24 00:00:00.0000,  1.006090637530265E+00,  1.636658103149729E-02, -1.107649559440598E-04, -5.043993342810013E-04,  1.714961781032456E-02,  3.694825249009118E-07,  5.811463751263802E-03,  1.006223756512234E+00, -2.253881184007665E-04,
2454003.500000000, A.D. 2006-Sep-25 00:00:00.0000,  1.005438557942038E+00,  3.351323326196589E-02, -1.104253056922783E-04, -7.997512304541768E-04,  1.714280024705262E-02,  3.055092025434919E-07,  5.810153766917511E-03,  1.005996939753786E+00, -2.282214637845669E-04,
2454004.500000000, A.D. 2006-Sep-26 00:00:00.0000,  1.004491175848439E+00,  5.065041101642419E-02, -1.101621712394171E-04, -1.094980845392485E-03,  1.713067151343163E-02,  2.168629979634118E-07,  5.808827871319535E-03,  1.005767368047510E+00, -2.308914318010393E-04,
2454005.500000000, A.D. 2006-Sep-27 00:00:00.0000,  1.003248683714519E+00,  6.777281288355466E-02, -1.099988478602365E-04, -1.389948149266934E-03,  1.711325292949424E-02,  1.064410146036512E-07,  5.807487121805902E-03,  1.005535224465464E+00, -2.333586815887569E-04,
2454006.500000000, A.D. 2006-Sep-28 00:00:00.0000,  1.001711412907305E+00,  8.487516424592326E-02, -1.099553031929748E-04, -1.684515486017506E-03,  1.709057685028076E-02, -2.199196858544099E-08,  5.806132802208265E-03,  1.005300731296208E+00, -2.355840999082719E-04,
2454007.500000000, A.D. 2006-Sep-29 00:00:00.0000,  9.998798309241285E-01,  1.019522286833256E-01, -1.100472803412695E-04, -1.978548431969194E-03,  1.706268751347069E-02, -1.637353882784602E-07,  5.804766421783583E-03,  1.005064149859483E+00, -2.375287530868687E-04,
2454008.500000000, A.D. 2006-Sep-30 00:00:00.0000,  9.977545374653997E-01,  1.189988205629105E-01, -1.102853041415793E-04, -2.271917364732435E-03,  1.702964255891718E-02, -3.130288315930368E-07,  5.803389713262995E-03,  1.004825780168386E+00, -2.391543394979192E-04,
2454009.500000000, A.D. 2006-Oct-01 00:00:00.0000,  9.953362582605889E-01,  1.360098193926318E-01, -1.106735463914471E-04, -2.564500529413374E-03,  1.699151494445536E-02, -4.629035357990115E-07,  5.802004625181461E-03,  1.004585959601288E+00, -2.404248525588724E-04,
2454010.500000000, A.D. 2006-Oct-02 00:00:00.0000,  9.926258347391015E-01,  1.529801859409552E-01, -1.112085650198428E-04, -2.856189394754179E-03,  1.694839434468702E-02, -6.050996987585479E-07,  5.800613299088667E-03,  1.004345058956021E+00, -2.413102891645982E-04,
2454011.500000000, A.D. 2006-Oct-03 00:00:00.0000,  9.896242070304671E-01,  1.699049788092051E-01, -1.118780580426588E-04, -3.146896611928419E-03,  1.690038630096793E-02, -7.302113046406979E-07,  5.799218017820768E-03,  1.004103473493413E+00, -2.417930149309048E-04,
2454012.500000000, A.D. 2006-Oct-04 00:00:00.0000,  9.863323880312524E-01,  1.867793680536774E-01, -1.126599632033764E-04, -3.436565604167226E-03,  1.684760676272953E-02, -8.282676526784955E-07,  5.797821109696270E-03,  1.003861606349317E+00, -2.418764895245388E-04,
2454013.500000000, A.D. 2006-Oct-05 00:00:00.0000,  9.827514282472987E-01,  2.035986401618912E-01, -1.135224291982443E-04, -3.725178722668100E-03,  1.679017005430158E-02, -8.899077453245839E-07,  5.796424799952421E-03,  1.003619842811619E+00, -2.415942846766106E-04,
2454014.500000000, A.D. 2006-Oct-06 00:00:00.0000,  9.788823752413037E-01,  2.203581877232284E-01, -1.144252399117796E-04, -4.012758967715821E-03,  1.672817068464393E-02, -9.080689090867106E-07,  5.795031018794959E-03,  1.003378517085082E+00, -2.410152754636107E-04,
2454015.500000000, A.D. 2006-Oct-07 00:00:00.0000,  9.747262366338442E-01,  2.370534795776945E-01, -1.153230071217389E-04, -4.299360619539040E-03,  1.666166364172707E-02, -8.797251456403032E-07,  5.793641202148307E-03,  1.003137877792313E+00, -2.402403086087256E-04,
2454016.500000000, A.D. 2006-Oct-08 00:00:00.0000,  9.702839584321094E-01,  2.536800138336616E-01, -1.161698164714581E-04, -4.585048445861351E-03,  1.659065127899381E-02, -8.069265037904381E-07,  5.792256142050787E-03,  1.002898062070496E+00, -2.393884533514600E-04,
2454017.500000000, A.D. 2006-Oct-09 00:00:00.0000,  9.655564274821274E-01,  2.702332641752822E-01, -1.169242964949181E-04, -4.869871784263255E-03,  1.651508374511873E-02, -6.965503284982061E-07,  5.790875939012351E-03,  1.002659087322390E+00, -2.385765364505110E-04,
2454018.500000000, A.D. 2006-Oct-10 00:00:00.0000,  9.605444982077604E-01,  2.867086338945684E-01, -1.175537803089461E-04, -5.153843525327088E-03,  1.643487339477420E-02, -5.588045205254196E-07,  5.789500073033169E-03,  1.002420863512816E+00, -2.378999546212961E-04,
2454019.500000000, A.D. 2006-Oct-11 00:00:00.0000,  9.552490346468522E-01,  3.031014287135194E-01, -1.180366131175512E-04, -5.436931193418543E-03,  1.634991645123206E-02, -4.051598632414956E-07,  5.788127563654327E-03,  1.002183220880574E+00, -2.374218460837359E-04,
2454020.500000000, A.D. 2006-Oct-12 00:00:00.0000,  9.496709549655271E-01,  3.194068510963165E-01, -1.183624593694453E-04, -5.719060383766023E-03,  1.626011299094292E-02, -2.465355027609496E-07,  5.786757162484595E-03,  1.001945943273425E+00, -2.371724938496086E-04,
2454021.500000000, A.D. 2006-Oct-13 00:00:00.0000,  9.438112683672706E-01,  3.356200111575782E-01, -1.185311406126896E-04, -6.000125483316973E-03,  1.616537965014470E-02, -9.221257771796368E-08,  5.785387526318382E-03,  1.001708798122528E+00, -2.371558817685474E-04,
2454022.500000000, A.D. 2006-Oct-14 00:00:00.0000,  9.376711001827981E-01,  3.517359461913110E-01, -1.185507719143962E-04, -6.280001728798881E-03,  1.606565438758549E-02,  5.051011025915384E-08,  5.784017343177107E-03,  1.001471558265836E+00, -2.373587018211313E-04,
2454023.500000000, A.D. 2006-Oct-15 00:00:00.0000,  9.312517059241351E-01,  3.677496419325883E-01, -1.184358248071834E-04, -6.558554826070586E-03,  1.596089569805918E-02,  1.761688598431162E-07,  5.782645408158532E-03,  1.001234015080992E+00, -2.377583158079161E-04,
2454024.500000000, A.D. 2006-Oct-16 00:00:00.0000,  9.245544775170368E-01,  3.836560515226773E-01, -1.182054622880417E-04, -6.835646948993058E-03,  1.585107925970653E-02,  2.807801686743004E-07,  5.781270660350293E-03,  1.000995984876714E+00, -2.383281741977454E-04,
2454025.500000000, A.D. 2006-Oct-17 00:00:00.0000,  9.175809451972532E-01,  3.994501108045939E-01, -1.178822448383592E-04, -7.111139562037497E-03,  1.573619422750867E-02,  3.614781457526153E-07,  5.779892196117273E-03,  1.000757311193434E+00, -2.390406473968956E-04,
2454026.500000000, A.D. 2006-Oct-18 00:00:00.0000,  9.103327777444790E-01,  4.151267502696454E-01, -1.174911571653039E-04, -7.384894107171339E-03,  1.561624036642597E-02,  4.162456244908643E-07,  5.778509272100585E-03,  1.000517865322548E+00, -2.398678808337514E-04,
2454027.500000000, A.D. 2006-Oct-19 00:00:00.0000,  9.028117826546735E-01,  4.306809047577061E-01, -1.170588421151012E-04, -7.656771599168925E-03,  1.549122645029177E-02,  4.437696622339359E-07,  5.777121307183584E-03,  1.000277546646829E+00, -2.407814172793818E-04,
2454028.500000000, A.D. 2006-Oct-20 00:00:00.0000,  8.950199069063971E-01,  4.461075221882556E-01, -1.166129199214998E-04, -7.926631959610903E-03,  1.536116989353573E-02,  4.434115555814757E-07,  5.775727888593421E-03,  1.000036283696873E+00, -2.417512395329896E-04,
2454029.500000000, A.D. 2006-Oct-21 00:00:00.0000,  8.869592382722428E-01,  4.614015724294468E-01, -1.161812923962317E-04, -8.194333668723477E-03,  1.522609733570588E-02,  4.152608085055493E-07,  5.774328783947785E-03,  9.997940362369322E-01, -2.427447411669575E-04,
2454030.500000000, A.D. 2006-Oct-22 00:00:00.0000,  8.786320066690190E-01,  4.765580570632585E-01, -1.157913675751245E-04, -8.459734072788300E-03,  1.508604577689786E-02,  3.602333176365417E-07,  5.772923958554766E-03,  9.995507982602864E-01, -2.437259839023284E-04,
2454031.500000000, A.D. 2006-Oct-23 00:00:00.0000,  8.700405848186904E-01,  4.915720203802968E-01, -1.154691811434913E-04, -8.722690454837504E-03,  1.494106383181557E-02,  2.801732370703068E-07,  5.771513595643214E-03,  9.993066014920283E-01, -2.446554461553785E-04,
2454032.500000000, A.D. 2006-Oct-24 00:00:00.0000,  8.611874874903243E-01,  5.064385615285166E-01, -1.152384284692430E-04, -8.983061771357489E-03,  1.479121273189456E-02,  1.779254360997122E-07,  5.770098116484415E-03,  9.990615188730202E-01, -2.454903061658197E-04,
2454033.500000000, A.D. 2006-Oct-25 00:00:00.0000,  8.520753687673475E-01,  5.211528474380055E-01, -1.151194472147402E-04, -9.240710819899517E-03,  1.463656685443742E-02,  5.736036693852803E-08,  5.768678197551314E-03,  9.988156675309210E-01, -2.461851583111948E-04,
2454034.500000000, A.D. 2006-Oct-26 00:00:00.0000,  8.427070170407117E-01,  5.357101260201049E-01, -1.151281996043492E-04, -9.495506583271801E-03,  1.447721375403517E-02, -7.664871030755463E-08,  5.767254782724464E-03,  9.985692108935833E-01, -2.466929802896426E-04,
2454035.500000000, A.D. 2006-Oct-27 00:00:00.0000,  8.330853476330407E-01,  5.501057392018798E-01, -1.152752959164574E-04, -9.747326618254056E-03,  1.431325383224641E-02, -2.182825874174705E-07,  5.765829089579514E-03,  9.983223597776945E-01, -2.469661997565959E-04,
2454036.500000000, A.D. 2006-Oct-28 00:00:00.0000,  8.232133929825044E-01,  5.643351355213226E-01, -1.155650855456223E-04, -9.996059584695443E-03,  1.414479980858105E-02, -3.608529284797467E-07,  5.764402609259677E-03,  9.980753723666994E-01, -2.469578705147066E-04,
2454037.500000000, A.D. 2006-Oct-29 00:00:00.0000,  8.130942900984727E-01,  5.783938821009532E-01, -1.159948352812830E-04, -1.024160824097759E-02,  1.397197597667752E-02, -4.969031221428055E-07,  5.762977098658756E-03,  9.978285528573295E-01, -2.466232280582548E-04,
2454038.500000000, A.D. 2006-Oct-30 00:00:00.0000,  8.027312646163477E-01,  5.922776756198707E-01, -1.165540354156752E-04, -1.048389330878655E-02,  1.379491683445292E-02, -6.183735135596750E-07,  5.761554561280613E-03,  9.975822481455255E-01, -2.459221624763461E-04,
2454039.500000000, A.D. 2006-Oct-31 00:00:00.0000,  7.921276104711080E-01,  6.059823512369638E-01, -1.172239368037843E-04, -1.072285834761167E-02,  1.361376415971367E-02, -7.169154805733576E-07,  5.760137209570335E-03,  9.973368413042796E-01, -2.448232647918976E-04,
2454040.500000000, A.D. 2006-Nov-01 00:00:00.0000,  7.812866644045043E-01,  6.195038872707030E-01, -1.179775230001675E-04, -1.095847501723832E-02,  1.342866122027278E-02, -7.844660606800440E-07,  5.758727398238113E-03,  9.970927400390219E-01, -2.433098387809242E-04,
2454041.500000000, A.D. 2006-Nov-02 00:00:00.0000,  7.702117757316232E-01,  6.328384021654782E-01, -1.187802245110106E-04, -1.119074687231541E-02,  1.323974302689449E-02, -8.141633550059647E-07,  5.757327518052261E-03,  9.968503582984547E-01, -2.413873851356646E-04,
2454042.500000000, A.D. 2006-Nov-03 00:00:00.0000,  7.589062742906434E-01,  6.459821397512175E-01, -1.195917051275283E-04, -1.141970863219919E-02,  1.304712289610216E-02, -8.015491684521310E-07,  5.755939846546164E-03,  9.966100904252589E-01, -2.390905650629140E-04,
2454043.500000000, A.D. 2006-Nov-04 00:00:00.0000,  7.473734427243958E-01,  6.589314402723652E-01, -1.203688869420198E-04, -1.164541784717976E-02,  1.285087813900555E-02, -7.457756988548374E-07,  5.754566368091324E-03,  9.963722800027097E-01, -2.364862034725113E-04,
2454044.500000000, A.D. 2006-Nov-05 00:00:00.0000,  7.356165013683726E-01,  6.716826988308836E-01, -1.210699848730973E-04, -1.186793822907071E-02,  1.265104020997578E-02, -6.503289879299445E-07,  5.753208596690843E-03,  9.961371891723176E-01, -2.336689073203661E-04,
2454045.500000000, A.D. 2006-Nov-06 00:00:00.0000,  7.236386126455678E-01,  6.842323185751872E-01, -1.216588226528786E-04, -1.208731830069238E-02,  1.244759475870992E-02, -5.228141214530334E-07,  5.751867448370620E-03,  9.959049765390510E-01, -2.307484801166896E-04,
2454046.500000000, A.D. 2006-Nov-07 00:00:00.0000,  7.114429061831751E-01,  6.965766698401106E-01, -1.221084081514808E-04, -1.230357262913231E-02,  1.224049328712531E-02, -3.737188598843128E-07,  5.750543202595898E-03,  9.956756904908163E-01, -2.278325895589965E-04,
2454047.500000000, A.D. 2006-Nov-08 00:00:00.0000,  6.990325184321374E-01,  7.087120652918366E-01, -1.224029211638887E-04, -1.251667240952300E-02,  1.202967242397362E-02, -2.145800158142938E-07,  5.749235562467720E-03,  9.954492796211529E-01, -2.250109842465707E-04,
2454048.500000000, A.D. 2006-Nov-09 00:00:00.0000,  6.864106359297102E-01,  7.206347551023266E-01, -1.225378547190505E-04, -1.272654744102961E-02,  1.181507344704050E-02, -5.623640975917096E-08,  5.747943788113235E-03,  9.952256158250476E-01, -2.223465229923681E-04,
2454049.500000000, A.D. 2006-Nov-10 00:00:00.0000,  6.735805320906987E-01,  7.323409390614439E-01, -1.225186852663839E-04, -1.293309624099016E-02,  1.159665592305728E-02,  9.231018463320284E-08,  5.746666857972077E-03,  9.950045222248061E-01, -2.198743476488765E-04,
2454050.500000000, A.D. 2006-Nov-11 00:00:00.0000,  6.605455921256214E-01,  7.438267883613300E-01, -1.223587782941352E-04, -1.313619876841188E-02,  1.137440343006120E-02,  2.242953644923361E-07,  5.745403616352428E-03,  9.947857987185930E-01, -2.176068944443254E-04,
2454051.500000000, A.D. 2006-Nov-12 00:00:00.0000,  6.473093258753871E-01,  7.550884697010377E-01, -1.220771943178642E-04, -1.333572732924534E-02,  1.114832292299150E-02,  3.350364826261508E-07,  5.744152883860247E-03,  9.945692411006609E-01, -2.155411648968785E-04,
2454052.500000000, A.D. 2006-Nov-13 00:00:00.0000,  6.338753715635128E-01,  7.661221668113817E-01, -1.216968086495162E-04, -1.353155370783994E-02,  1.091844070897562E-02,  4.215070113404880E-07,  5.742913526414804E-03,  9.943546530110177E-01, -2.136654471112274E-04,
2454053.500000000, A.D. 2006-Nov-14 00:00:00.0000,  6.202474943405037E-01,  7.769240973834116E-01, -1.212428902423951E-04, -1.372355256826719E-02,  1.068479763275311E-02,  4.818747498308167E-07,  5.741684490659754E-03,  9.941418520666658E-01, -2.119641129207170E-04,
2454054.500000000, A.D. 2006-Nov-15 00:00:00.0000,  6.064295828939321E-01,  7.874905254922201E-01, -1.207421007330492E-04, -1.391160211771299E-02,  1.044744506273829E-02,  5.151376179607962E-07,  5.740464818013742E-03,  9.939306722943890E-01, -2.104202387075609E-04,
2454055.500000000, A.D. 2006-Nov-16 00:00:00.0000,  5.924256462747223E-01,  7.978177707250529E-01, -1.202217850187627E-04, -1.409558319550129E-02,  1.020644237247559E-02,  5.209082724737744E-07,  5.739253649171928E-03,  9.937209649101668E-01, -2.090163673009274E-04,
2454056.500000000, A.D. 2006-Nov-17 00:00:00.0000,  5.782398119958635E-01,  8.079022156091112E-01, -1.197094007034468E-04, -1.427537778662897E-02,  9.961856049503646E-03,  4.993494379076075E-07,  5.738050228391930E-03,  9.935125990612615E-01, -2.077339064537993E-04,
2454057.500000000, A.D. 2006-Nov-18 00:00:00.0000,  5.638763255728135E-01,  8.177403128985666E-01, -1.192319460020935E-04, -1.445086773783500E-02,  9.713760258925841E-03,  4.512363167619034E-07,  5.736853913969706E-03,  9.933054636400628E-01, -2.065516692552557E-04,
2454058.500000000, A.D. 2006-Nov-19 00:00:00.0000,  5.493395509931265E-01,  8.273285940102734E-01, -1.188152772228175E-04, -1.462193426751182E-02,  9.462238504732479E-03,  3.781075761071594E-07,  5.735664198447424E-03,  9.930994707829702E-01, -2.054440444116463E-04,
2454059.500000000, A.D. 2006-Nov-20 00:00:00.0000,  5.346339710981481E-01,  8.366636794636023E-01, -1.184832514982713E-04, -1.478845868440933E-02,  9.207385879915183E-03,  2.824545840911804E-07,  5.734480739288503E-03,  9.928945611816141E-01, -2.043792822877804E-04,
2454060.500000000, A.D. 2006-Nov-21 00:00:00.0000,  5.197641865504692E-01,  8.457422916031739E-01, -1.182566856358076E-04, -1.495032450669324E-02,  8.949311268377903E-03,  1.678896468871203E-07,  5.733303397971358E-03,  9.926907108517248E-01, -2.033183680945541E-04,
2454061.500000000, A.D. 2006-Nov-22 00:00:00.0000,  5.047349120119179E-01,  8.545612692128723E-01, -1.181521825110680E-04, -1.510742087699075E-02,  8.688138815137568E-03,  3.923333417041398E-08,  5.732132282927776E-03,  9.924879385676845E-01, -2.022148692693386E-04,
2454062.500000000, A.D. 2006-Nov-23 00:00:00.0000,  4.895509684234217E-01,  8.631175829853759E-01, -1.181809308902114E-04, -1.525964684900508E-02,  8.424008090269856E-03, -9.752545253843307E-08,  5.730967790015933E-03,  9.922863128702116E-01, -2.010159534542738E-04,
2454063.500000000, A.D. 2006-Nov-24 00:00:00.0000,  4.742172708293214E-01,  8.714083503656674E-01, -1.183476178722096E-04, -1.540691589452553E-02,  8.157072654596413E-03, -2.354150256383966E-07,  5.729810633836372E-03,  9.920859574885548E-01, -1.996645071810830E-04,
2454064.500000000, A.D. 2006-Nov-25 00:00:00.0000,  4.587388118681254E-01,  8.794308481776921E-01, -1.186495948020581E-04, -1.554915996446641E-02,  7.887497101244702E-03, -3.667974486182756E-07,  5.728661864331241E-03,  9.918870542145616E-01, -1.981020495677861E-04,
2454065.500000000, A.D. 2006-Nov-26 00:00:00.0000,  4.431206416262074E-01,  8.871825216700933E-01, -1.190764102625344E-04, -1.568633265328046E-02,  7.615452921565818E-03, -4.837793142904746E-07,  5.727522865197217E-03,  9.916898426278846E-01, -1.962720575483975E-04,
2454066.500000000, A.D. 2006-Nov-27 00:00:00.0000,  4.273678448438261E-01,  8.946609890034717E-01, -1.196097853225785E-04, -1.581841132982635E-02,  7.341113572385321E-03, -5.786808787070247E-07,  5.726395332560974E-03,  9.914946164037540E-01, -1.941234550583934E-04,
2454067.500000000, A.D. 2006-Nov-28 00:00:00.0000,  4.114855164889069E-01,  9.018640404816972E-01, -1.202240800923182E-04, -1.594539827759813E-02,  7.064648894906962E-03, -6.445495517603228E-07,  5.725281233044163E-03,  9.913017160521534E-01, -1.916142869191563E-04,
2454068.500000000, A.D. 2006-Nov-29 00:00:00.0000,  3.954787367130349E-01,  9.087896318259753E-01, -1.208872996184086E-04, -1.606732074089533E-02,  6.786218740694024E-03, -6.757278433500021E-07,  5.724182739565207E-03,  9.911115178022444E-01, -1.887157934098186E-04,
2454069.500000000, A.D. 2006-Nov-30 00:00:00.0000,  3.793525465247170E-01,  9.154358705890397E-01, -1.215626995667196E-04, -1.618422929863611E-02,  6.505965616761963E-03, -6.684837554420495E-07,  5.723102142115646E-03,  9.909244181537715E-01, -1.854169853381234E-04,
2454070.500000000, A.D. 2006-Dec-01 00:00:00.0000,  3.631119263704790E-01,  9.218009948169430E-01, -1.222110392457796E-04, -1.629619346372058E-02,  6.224006663433950E-03, -6.216609968400514E-07,  5.722041731584463E-03,  9.907408137618657E-01, -1.817292560699218E-04,
2454071.500000000, A.D. 2006-Dec-02 00:00:00.0000,  3.467617810006716E-01,  9.278833438779623E-01, -1.227934421023319E-04, -1.640329337036946E-02,  5.940426346623230E-03, -5.372122295883192E-07,  5.721003659845119E-03,  9.905610772118680E-01, -1.776896941575731E-04,
2454072.500000000, A.D. 2006-Dec-03 00:00:00.0000,  3.303069347387833E-01,  9.336813233581703E-01, -1.232746396145846E-04, -1.650560739891199E-02,  5.655272381048206E-03, -4.203917219234291E-07,  5.719989789208943E-03,  9.903855309529879E-01, -1.733611084357735E-04,
2454073.500000000, A.D. 2006-Dec-04 00:00:00.0000,  3.137521404840785E-01,  9.391933686665787E-01, -1.236261432786627E-04, -1.660319758146820E-02,  5.368557610098165E-03, -2.793916081110853E-07,  5.719001555507174E-03,  9.902144235916989E-01, -1.688271093957082E-04,
2454074.500000000, A.D. 2006-Dec-05 00:00:00.0000,  2.971021028763016E-01,  9.444179141023097E-01, -1.238287417828861E-04, -1.669609661052529E-02,  5.080269025216661E-03, -1.243679314341495E-07,  5.718039874349871E-03,  9.900479136609679E-01, -1.641822777423688E-04,
2454075.500000000, A.D. 2006-Dec-06 00:00:00.0000,  2.803615118596456E-01,  9.493533739154122E-01, -1.238737952441350E-04, -1.678430062666105E-02,  4.790382188849117E-03,  3.393536569217375E-08,  5.717105113158916E-03,  9.898860647779216E-01, -1.595197828230973E-04,
2454076.500000000, A.D. 2006-Dec-07 00:00:00.0000,  2.635350795393780E-01,  9.539981387780060E-01, -1.237631172468450E-04, -1.686776993686863E-02,  4.498876816839307E-03,  1.855616574194546E-07,  5.716197133059385E-03,  9.897288528971129E-01, -1.549202133748584E-04,
2454077.500000000, A.D. 2006-Dec-08 00:00:00.0000,  2.466275726940051E-01,  9.583505864661050E-01, -1.235076499141964E-04, -1.694643654359304E-02,  4.205748973430827E-03,  3.223292562882095E-07,  5.715315383770458E-03,  9.895761827403708E-01, -1.504447638791577E-04,
2454078.500000000, A.D. 2006-Dec-09 00:00:00.0000,  2.296438357640608E-01,  9.624091018626281E-01, -1.231254309799457E-04, -1.702021499233716E-02,  3.911017328215709E-03,  4.382516851194405E-07,  5.714459022282995E-03,  9.894279083451877E-01, -1.461337757833974E-04,
2454079.500000000, A.D. 2006-Dec-10 00:00:00.0000,  2.125888029380210E-01,  9.661721002198280E-01, -1.226394059675538E-04, -1.708901278834619E-02,  3.614723638734303E-03,  5.294536850264797E-07,  5.713627026862695E-03,  9.892838528037532E-01, -1.420095019751861E-04,
2454080.500000000, A.D. 2006-Dec-11 00:00:00.0000,  1.954675011044831E-01,  9.696380487962251E-01, -1.220754939070675E-04, -1.715273800149530E-02,  3.316929413437168E-03,  5.937863152508018E-07,  5.712818287958563E-03,  9.891438240032679E-01, -1.380809736506783E-04,
2454081.500000000, A.D. 2006-Dec-12 00:00:00.0000,  1.782850469424441E-01,  9.728054842321171E-01, -1.214610970859801E-04, -1.721130339555243E-02,  3.017711085229034E-03,  6.303553468013693E-07,  5.712031669753616E-03,  9.890076252831175E-01, -1.343490317412562E-04,
2454082.500000000, A.D. 2006-Dec-13 00:00:00.0000,  1.610466414360791E-01,  9.756730251298676E-01, -1.208240596969403E-04, -1.726462759338576E-02,  2.717155478134122E-03,  6.391135696326196E-07,  5.711266045269283E-03,  9.888750615130113E-01, -1.308103184263761E-04,
2454083.500000000, A.D. 2006-Dec-14 00:00:00.0000,  1.437575643020579E-01,  9.782393806949076E-01, -1.201919680137312E-04, -1.731263426066811E-02,  2.415356570627883E-03,  6.205927098217294E-07,  5.710520312749144E-03,  9.887459419297385E-01, -1.274597309617342E-04,
2454084.500000000, A.D. 2006-Dec-15 00:00:00.0000,  1.264231698013633E-01,  9.805033569712924E-01, -1.195916383352104E-04, -1.735525031019445E-02,  2.112413950256784E-03,  5.757963913399624E-07,  5.709793402512577E-03,  9.886200813238410E-01, -1.242912809003451E-04,
2454085.500000000, A.D. 2006-Dec-16 00:00:00.0000,  1.090488844688743E-01,  9.824638624001556E-01, -1.190486345111162E-04, -1.739240399532686E-02,  1.808432989109228E-03,  5.062447405526525E-07,  5.709084283127924E-03,  9.884973011084628E-01, -1.212975034768088E-04,
2454086.500000000, A.D. 2006-Dec-17 00:00:00.0000,  9.164020648811981E-02,  9.841199143427015E-01, -1.185866759258463E-04, -1.742402364497432E-02,  1.503526549807423E-03,  4.141428816006494E-07,  5.708391974636008E-03,  9.883774316089330E-01, -1.184676527792539E-04,
2454087.500000000, A.D. 2006-Dec-18 00:00:00.0000,  7.420270572375302E-02,  9.854706479188629E-01, -1.182268331314915E-04, -1.745003772057117E-02,  1.197817823888707E-03,  3.026278091866630E-07,  5.707715574923343E-03,  9.882603166291427E-01, -1.157850221291782E-04,
2454088.500000000, A.D. 2006-Dec-19 00:00:00.0000,  5.674202278974096E-02,  9.865153279821072E-01, -1.179864649457285E-04, -1.747037676715112E-02,  8.914436254980842E-04,  1.760249601152100E-07,  5.707054302894489E-03,  9.881458209266091E-01, -1.132239133945808E-04,
2454089.500000000, A.D. 2006-Dec-20 00:00:00.0000,  3.926386507802106E-02,  9.872533642091790E-01, -1.178779321942138E-04, -1.748497755413770E-02,  5.845571345285160E-04,  4.002114868071636E-08,  5.706407558370783E-03,  9.880338405836175E-01, -1.107470231941757E-04,
2454090.500000000, A.D. 2006-Dec-21 00:00:00.0000,  2.177399762358579E-02,  9.876843281471112E-01, -1.179072241535908E-04, -1.749378916277920E-02,  2.773288587751414E-04, -9.835061663133384E-08,  5.705774993616746E-03,  9.879243153916376E-01, -1.083041917680408E-04,
2454091.500000000, A.D. 2006-Dec-22 00:00:00.0000,  4.278227285824262E-03,  9.878079698516624E-01, -1.180727304788656E-04, -1.749678004009809E-02, -3.005529335057807E-05, -2.309963152558536E-07,  5.705156586005934E-03,  9.878172414330202E-01, -1.058333752744755E-04,
2454092.500000000, A.D. 2006-Dec-23 00:00:00.0000, -1.321761994764175E-02,  9.876242309172708E-01, -1.183644435346375E-04, -1.749394439707362E-02, -3.373993024240057E-04, -3.493316664602530E-07,  5.704552697571049E-03,  9.877126813917864E-01, -1.032642171311056E-04,
2454093.500000000, A.D. 2006-Dec-24 00:00:00.0000, -3.070772698137361E-02,  9.871332507210842E-01, -1.187638459861024E-04, -1.748530619355460E-02, -6.445051377119505E-04, -4.450615407243047E-07,  5.703964107221000E-03,  9.876107701318311E-01, -1.005238025585422E-04,
2454094.500000000, A.D. 2006-Dec-25 00:00:00.0000, -4.818631588349132E-02,  9.863353637608148E-01, -1.192446208880874E-04, -1.747091954399322E-02, -9.511821670255596E-04, -5.110170557929985E-07,  5.703392006059748E-03,  9.875117138864136E-01, -9.754345037478769E-05,
2454095.500000000, A.D. 2006-Dec-26 00:00:00.0000, -6.564767668984120E-02,  9.852310877011652E-01, -1.197741581118421E-04, -1.745086545668586E-02, -1.257256038682259E-03, -5.418867099831571E-07,  5.702837953875579E-03,  9.874157827245036E-01, -9.426514926721073E-05,
2454096.500000000, A.D. 2006-Dec-27 00:00:00.0000, -8.308619145446582E-02,  9.838211034198076E-01, -1.203156897269714E-04, -1.742524578556047E-02, -1.562575634171623E-03, -5.347315609734579E-07,  5.702303802111106E-03,  9.873232972134511E-01, -9.064661294170425E-05,
2454097.500000000, A.D. 2006-Dec-28 00:00:00.0000, -1.004963513745618E-01,  9.821062293306660E-01, -1.208308171175128E-04, -1.739417562279150E-02, -1.867017537677655E-03, -4.892544406391686E-07,  5.701791592596928E-03,  9.872346108852670E-01, -8.666461720806154E-05,
2454098.500000000, A.D. 2006-Dec-29 00:00:00.0000, -1.178727659409946E-01,  9.800873924475897E-01, -1.212821933241039E-04, -1.735777506925410E-02, -2.170488132078845E-03, -4.078469089403664E-07,  5.701303441574690E-03,  9.871500901558318E-01, -8.231680983342692E-05,
2454099.500000000, A.D. 2006-Dec-30 00:00:00.0000, -1.352101637446656E-01,  9.777655984335427E-01, -1.216361533312025E-04, -1.731616081560222E-02, -2.472923551772249E-03, -2.954405368769622E-07,  5.700841417003656E-03,  9.870700930811941E-01, -7.762224969965028E-05,
2454100.500000000, A.D. 2006-Dec-31 00:00:00.0000, -1.525033848585303E-01,  9.751419027858838E-01, -1.218650977410592E-04, -1.726943776121748E-02, -2.774287411363060E-03, -1.591592123170866E-07,  5.700407416484660E-03,  9.869949482207520E-01, -7.262060736518482E-05,
