JDTDB,   , X, Y, Z, VX, VY, VZ, LT, RG, RR,
2453736.500000000, A.D. 2006-Jan-01 00:00:00.0000,  4.121959182589345E-01,  1.477877518183060E+00,  2.077152192046897E-02, -1.295967269213041E-02,  4.928351566447766E-03,  4.214336297185895E-04,  8.862097474798644E-03,  1.534424611997324E+00,  1.271049485726453E-03,
2453738.500000000, A.D. 2006-Jan-03 00:00:00.0000,  3.862107905459968E-01,  1.487490849648493E+00,  2.161090578842246E-02, -1.302468829020301E-02,  4.684922091774608E-03,  4.179302032329178E-04,  8.876757174080322E-03,  1.536962860244565E+00,  1.267132396156026E-03,
2453740.500000000, A.D. 2006-Jan-05 00:00:00.0000,  3.601002237067599E-01,  1.496617003234697E+00,  2.244316331456310E-02, -1.308511607277826E-02,  4.441187558230852E-03,  4.143076729648798E-04,  8.891369337352370E-03,  1.539492877886880E+00,  1.262819719310184E-03,
2453742.500000000, A.D. 2006-Jan-07 00:00:00.0000,  3.338733672702433E-01,  1.505255451701712E+00,  2.326805869609001E-02, -1.314098233592647E-02,  4.197230640454684E-03,  4.105684436942150E-04,  8.905929425077064E-03,  1.542013878927677E+00,  1.258116699867234E-03,
2453744.500000000, A.D. 2006-Jan-09 00:00:00.0000,  3.075393170784755E-01,  1.513405831536733E+00,  2.408536088269940E-02, -1.319231451529912E-02,  3.953132335660544E-03,  4.067148852081972E-04,  8.920432958408943E-03,  1.544525087878904E+00,  1.253028534712855E-03,
2453746.500000000, A.D. 2006-Jan-11 00:00:00.0000,  2.811071129916926E-01,  1.521067939806999E+00,  2.489484355958940E-02, -1.323914110407081E-02,  3.708972164510984E-03,  4.027493372660518E-04,  8.934875519635102E-03,  1.547025739837282E+00,  1.247560558861290E-03,
2453748.500000000, A.D. 2006-Jan-13 00:00:00.0000,  2.545857366943592E-01,  1.528241731030255E+00,  2.569628513995222E-02, -1.328149171684027E-02,  3.464828132905643E-03,  3.986741654197261E-04,  8.949252752570776E-03,  1.549515080552801E+00,  1.241718173383877E-03,
2453750.500000000, A.D. 2006-Jan-15 00:00:00.0000,  2.279841096280553E-01,  1.534927314060617E+00,  2.648946875153143E-02, -1.331939704177237E-02,  3.220776605789230E-03,  3.944917552635766E-04,  8.963560362920248E-03,  1.551992366491207E+00,  1.235506712395265E-03,
2453752.500000000, A.D. 2006-Jan-17 00:00:00.0000,  2.013110910440048E-01,  1.541124948969427E+00,  2.727418221788539E-02, -1.335288860524932E-02,  2.976892368814211E-03,  3.902044277637069E-04,  8.977794118461602E-03,  1.554456864865990E+00,  1.228931516921970E-03,
2453754.500000000, A.D. 2006-Jan-19 00:00:00.0000,  1.745754761725843E-01,  1.546835043976015E+00,  2.805021803819032E-02, -1.338199881179227E-02,  2.733248755121670E-03,  3.858144953431211E-04,  8.991949849351409E-03,  1.556907853691140E+00,  1.221998026294573E-03,
2453756.500000000, A.D. 2006-Jan-21 00:00:00.0000,  1.477859945023776E-01,  1.552058152390764E+00,  2.881737336413066E-02, -1.340676098704406E-02,  2.489917614560919E-03,  3.813243040504954E-04,  9.006023448316389E-03,  1.559344621814337E+00,  1.214711722655251E-03,
2453758.500000000, A.D. 2006-Jan-23 00:00:00.0000,  1.209513081495703E-01,  1.556794969579644E+00,  2.957544998283588E-02, -1.342720923628564E-02,  2.246969156490250E-03,  3.767361756705909E-04,  9.020010870764310E-03,  1.561766468936141E+00,  1.207077970435827E-03,
2453760.500000000, A.D. 2006-Jan-25 00:00:00.0000,  9.408001035827565E-02,  1.561046329960322E+00,  3.032425428436634E-02, -1.344337831826248E-02,  2.004472132916120E-03,  3.720523841177829E-04,  9.033908134884023E-03,  1.564172705627325E+00,  1.199102183230439E-03,
2453762.500000000, A.D. 2006-Jan-27 00:00:00.0000,  6.718062408639329E-02,  1.564813204030208E+00,  3.106359723491399E-02, -1.345530367240470E-02,  1.762493909215295E-03,  3.672751952430725E-04,  9.047711321697648E-03,  1.566562653337905E+00,  1.190789865916622E-03,
2453764.500000000, A.D. 2006-Jan-29 00:00:00.0000,  4.026160068454046E-02,  1.568096695441984E+00,  3.179329435107302E-02, -1.346302148635126E-02,  1.521100345256605E-03,  3.624069121663278E-04,  9.061416575155530E-03,  1.568935644413578E+00,  1.182146473616696E-03,
2453766.500000000, A.D. 2006-Jan-31 00:00:00.0000,  1.333131867394781E-02,  1.570898038085194E+00,  3.251316566741229E-02, -1.346656846846865E-02,  1.280355786130149E-03,  3.574497830366900E-04,  9.075020102027039E-03,  1.571291022076819E+00,  1.173177390374419E-03,
2453768.500000000, A.D. 2006-Feb-02 00:00:00.0000, -1.360191738578666E-02,  1.573218593226280E+00,  3.322303570465065E-02, -1.346598180831474E-02,  1.040323194969020E-03,  3.524060123431438E-04,  9.088518171877650E-03,  1.573628140422914E+00,  1.163888034185395E-03,
2453770.500000000, A.D. 2006-Feb-04 00:00:00.0000, -4.052987793374823E-02,  1.575059846690058E+00,  3.392273343214029E-02, -1.346129926329453E-02,  8.010642318611273E-04,  3.472778275385136E-04,  9.101907117024353E-03,  1.575946364412235E+00,  1.154283912475656E-03,
2453772.500000000, A.D. 2006-Feb-06 00:00:00.0000, -6.744440938555990E-02,  1.576423406070700E+00,  3.461209224043523E-02, -1.345255909873758E-02,  5.626390668038898E-04,  3.420674522292950E-04,  9.115183332397407E-03,  1.578245069846307E+00,  1.144370416188290E-03,
2453774.500000000, A.D. 2006-Feb-08 00:00:00.0000, -9.433743500915884E-02,  1.577310997988998E+00,  3.529094990210891E-02, -1.343979993872205E-02,  3.251064733000178E-04,  3.367770590959189E-04,  9.128343275396935E-03,  1.580523643342974E+00,  1.134152885962600E-03,
2453776.500000000, A.D. 2006-Feb-10 00:00:00.0000, -1.212009557249374E-01,  1.577724465386747E+00,  3.595914853185600E-02, -1.342306073410535E-02,  8.852398390370487E-05,  3.314087815292504E-04,  9.141383465682464E-03,  1.582781482299964E+00,  1.123636738484755E-03,
2453778.500000000, A.D. 2006-Feb-12 00:00:00.0000, -1.480270508439409E-01,  1.577665764887741E+00,  3.661653455326105E-02, -1.340238089354948E-02, -1.470521729215438E-04,  3.259647884198067E-04,  9.154300485068094E-03,  1.585017994876735E+00,  1.112827391063236E-03,
2453780.500000000, A.D. 2006-Feb-14 00:00:00.0000, -1.748078787285879E-01,  1.577136964178526E+00,  3.726295865913272E-02, -1.337780014042026E-02, -3.815671473748963E-04,  3.204472229903363E-04,  9.167090977243508E-03,  1.587232599946170E+00,  1.101730158417107E-03,
2453782.500000000, A.D. 2006-Feb-16 00:00:00.0000, -2.015356773898858E-01,  1.576140239440724E+00,  3.789827577392983E-02, -1.334935838378073E-02, -6.149673747731532E-04,  3.148581615399673E-04,  9.179751647505494E-03,  1.589424727048091E+00,  1.090350308017882E-03,
2453784.500000000, A.D. 2006-Feb-18 00:00:00.0000, -2.282027650043902E-01,  1.574677872845884E+00,  3.852234500874255E-02, -1.331709580555697E-02, -8.472004171777069E-04,  3.091996816814466E-04,  9.192279262544805E-03,  1.591593816352357E+00,  1.078693202396290E-03,
2453786.500000000, A.D. 2006-Feb-20 00:00:00.0000, -2.548015403928082E-01,  1.572752250084442E+00,  3.913502962624684E-02, -1.328105288138814E-02, -1.078215097455653E-03,  3.034738732551743E-04,  9.204670650150557E-03,  1.593739318607679E+00,  1.066764150691570E-03,
2453788.500000000, A.D. 2006-Feb-22 00:00:00.0000, -2.813244834312610E-01,  1.570365857948508E+00,  3.973619700133317E-02, -1.324127025592850E-02, -1.307961535010837E-03,  2.976827883806791E-04,  9.216922698925128E-03,  1.595860695092259E+00,  1.054568336528630E-03,
2453790.500000000, A.D. 2006-Feb-24 00:00:00.0000, -3.077641553938982E-01,  1.567521281951726E+00,  4.032571857417083E-02, -1.319778864368917E-02, -1.536390948915116E-03,  2.918284188888190E-04,  9.229032357901941E-03,  1.597957417547610E+00,  1.042110970902746E-03,
2453792.500000000, A.D. 2006-Feb-26 00:00:00.0000, -3.341131992581416E-01,  1.564221204021638E+00,  4.090346981284681E-02, -1.315064895953872E-02, -1.763455648107975E-03,  2.859127710712955E-04,  9.240996636295700E-03,  1.600028968135309E+00,  1.029397302343937E-03,
2453794.500000000, A.D. 2006-Feb-28 00:00:00.0000, -3.603643399525502E-01,  1.560468400228455E+00,  4.146933017107907E-02, -1.309989230234381E-02, -1.989109123143483E-03,  2.799378607714200E-04,  9.252812603157627E-03,  1.602074839377309E+00,  1.016432508184651E-03,
2453796.500000000, A.D. 2006-Mar-02 00:00:00.0000, -3.865103845642577E-01,  1.556265738551051E+00,  4.202318304903919E-02, -1.304555976589998E-02, -2.213306034514103E-03,  2.739056317833090E-04,  9.264477386958705E-03,  1.604094534083772E+00,  1.003221645508065E-03,
2453798.500000000, A.D. 2006-Mar-04 00:00:00.0000, -4.125442224826689E-01,  1.551616176715071E+00,  4.256491574673802E-02, -1.298769248874215E-02, -2.436002019509989E-03,  2.678180045382421E-04,  9.275988175263329E-03,  1.606087565296566E+00,  9.897698262391729E-04,
2453800.500000000, A.D. 2006-Mar-06 00:00:00.0000, -4.384588255147739E-01,  1.546522760068189E+00,  4.309441942354211E-02, -1.292633172265447E-02, -2.657153721458906E-03,  2.616769136421107E-04,  9.287342214338369E-03,  1.608053456221582E+00,  9.760821860060266E-04,
2453802.500000000, A.D. 2006-Mar-08 00:00:00.0000, -4.642472479674849E-01,  1.540988619511071E+00,  4.361158906196940E-02, -1.286151878136425E-02, -2.876718932492533E-03,  2.554842810206378E-04,  9.298536808801256E-03,  1.609991740167796E+00,  9.621637175242029E-04,
2453804.500000000, A.D. 2006-Mar-10 00:00:00.0000, -4.899026266702258E-01,  1.535016969462698E+00,  4.411632341952058E-02, -1.279329488719120E-02, -3.094656421423496E-03,  2.492419617397589E-04,  9.309569321141214E-03,  1.611901960464373E+00,  9.480193733454850E-04,
2453806.500000000, A.D. 2006-Mar-12 00:00:00.0000, -5.154181809769132E-01,  1.528611105892036E+00,  4.460852498966585E-02, -1.272170125114056E-02, -3.310925854485333E-03,  2.429517947488706E-04,  9.320437171351129E-03,  1.613783670396927E+00,  9.336541413137333E-04,
2453808.500000000, A.D. 2006-Mar-14 00:00:00.0000, -5.407872127291299E-01,  1.521774404402920E+00,  4.508809996028123E-02, -1.264677916983750E-02, -3.525487850967322E-03,  2.366156522117468E-04,  9.331137836565953E-03,  1.615636433144918E+00,  9.190730057444887E-04,
2453810.500000000, A.D. 2006-Mar-16 00:00:00.0000, -5.660031061979293E-01,  1.514510318343005E+00,  4.555495817562640E-02, -1.256856984446802E-02, -3.738304062012089E-03,  2.302353509585232E-04,  9.341668850579956E-03,  1.617459821698059E+00,  9.042807985558421E-04,
2453812.500000000, A.D. 2006-Mar-18 00:00:00.0000, -5.910593279813575E-01,  1.506822376983602E+00,  4.600901309294451E-02, -1.248711436174516E-02, -3.949336996674354E-03,  2.238126628439222E-04,  9.352027803454699E-03,  1.619253418788446E+00,  8.892823354690760E-04,
2453814.500000000, A.D. 2006-Mar-20 00:00:00.0000, -6.159494268756197E-01,  1.498714183740551E+00,  4.645018173912757E-02, -1.240245377341290E-02, -4.158549938250663E-03,  2.173493627130066E-04,  9.362212341082806E-03,  1.621016816815022E+00,  8.740825018201942E-04,
2453816.500000000, A.D. 2006-Mar-22 00:00:00.0000, -6.406670337413329E-01,  1.490189414448987E+00,  4.687838467841557E-02, -1.231462913197757E-02, -4.365907120985985E-03,  2.108472371537419E-04,  9.372220164827270E-03,  1.622749617781126E+00,  8.586860869176453E-04,
2453818.500000000, A.D. 2006-Mar-24 00:00:00.0000, -6.652058613233887E-01,  1.481251815671932E+00,  4.729354596793675E-02, -1.222368132855516E-02, -4.571373648711002E-03,  2.043080169995786E-04,  9.382049031038051E-03,  1.624451433210796E+00,  8.430977818294846E-04,
2453820.500000000, A.D. 2006-Mar-26 00:00:00.0000, -6.895597040581400E-01,  1.471905203060378E+00,  4.769559311876975E-02, -1.212965108861323E-02, -4.774915362532476E-03,  1.977333874538443E-04,  9.391696750612325E-03,  1.626121884072627E+00,  8.273222770563611E-04,
2453822.500000000, A.D. 2006-Mar-28 00:00:00.0000, -7.137224378581510E-01,  1.462153459778885E+00,  4.808445705731441E-02, -1.203257913131510E-02, -4.976498835654191E-03,  1.911250692263356E-04,  9.401161188648739E-03,  1.627760600719911E+00,  8.113643159722861E-04,
2453824.500000000, A.D. 2006-Mar-30 00:00:00.0000, -7.376880198882195E-01,  1.452000534948367E+00,  4.846007208951342E-02, -1.193250606481714E-02, -5.176091500472064E-03,  1.844847604765360E-04,  9.410440263975178E-03,  1.629367222808863E+00,  7.952285220212167E-04,
2453826.500000000, A.D. 2006-Apr-01 00:00:00.0000, -7.614504883185539E-01,  1.441450442148007E+00,  4.882237586380553E-02, -1.182947229189200E-02, -5.373661555818370E-03,  1.778141017659666E-04,  9.419531948738073E-03,  1.630941399227525E+00,  7.789194235524518E-04,
2453828.500000000, A.D. 2006-Apr-03 00:00:00.0000, -7.850039620502478E-01,  1.430507257961432E+00,  4.917130932788386E-02, -1.172351807086053E-02, -5.569177792779847E-03,  1.711147194688657E-04,  9.428434267954960E-03,  1.632482788018282E+00,  7.624416167085557E-04,
2453830.500000000, A.D. 2006-Apr-05 00:00:00.0000, -8.083426404538924E-01,  1.419175120570800E+00,  4.950681669945917E-02, -1.161468361018988E-02, -5.762609729307784E-03,  1.643882625043213E-04,  9.437145299160961E-03,  1.633991056316658E+00,  7.457996755692030E-04,
2453832.500000000, A.D. 2006-Apr-07 00:00:00.0000, -8.314608030803619E-01,  1.407458228387642E+00,  4.982884542892740E-02, -1.150300896342585E-02, -5.953927644866213E-03,  1.576363521639164E-04,  9.445663171982515E-03,  1.635465880277512E+00,  7.289980594414480E-04,
2453834.500000000, A.D. 2006-Apr-09 00:00:00.0000, -8.543528093617218E-01,  1.395360838716112E+00,  5.013734616231128E-02, -1.138853392762216E-02, -6.143102432930644E-03,  1.508605436975141E-04,  9.453986067664805E-03,  1.636906944993208E+00,  7.120411721074458E-04,
2453836.500000000, A.D. 2006-Apr-11 00:00:00.0000, -8.770130983038826E-01,  1.382887266486668E+00,  5.043227270716281E-02, -1.127129820721396E-02, -6.330105536792896E-03,  1.440624113044613E-04,  9.462112218746918E-03,  1.638313944437376E+00,  6.949334826499387E-04,
2453838.500000000, A.D. 2006-Apr-13 00:00:00.0000, -8.994361881766108E-01,  1.370041883008142E+00,  5.071358199940956E-02, -1.115134141490055E-02, -6.514909056755324E-03,  1.372435405088720E-04,  9.470039908641448E-03,  1.639686581392120E+00,  6.776794222053933E-04,
2453840.500000000, A.D. 2006-Apr-15 00:00:00.0000, -9.216166762030573E-01,  1.356829114762047E+00,  5.098123407420625E-02, -1.102870293732605E-02, -6.697485779612706E-03,  1.304054624145109E-04,  9.477767471249650E-03,  1.641024567381385E+00,  6.602832738689358E-04,
2453842.500000000, A.D. 2006-Apr-17 00:00:00.0000, -9.435492382209659E-01,  1.343253442242531E+00,  5.123519202606433E-02, -1.090342195026624E-02, -6.877808958731200E-03,  1.235496769479850E-04,  9.485293290535381E-03,  1.642327622597185E+00,  6.427493474335635E-04,
2453844.500000000, A.D. 2006-Apr-19 00:00:00.0000, -9.652286283641628E-01,  1.329319398835753E+00,  5.147542198155408E-02, -1.077553752774818E-02, -7.055852360604533E-03,  1.166777000778815E-04,  9.492615800183072E-03,  1.643595475840388E+00,  6.250819854832722E-04,
2453846.500000000, A.D. 2006-Apr-21 00:00:00.0000, -9.866496787368717E-01,  1.315031569741298E+00,  5.170189307046884E-02, -1.064508863939134E-02, -7.231590382653044E-03,  1.097910554012408E-04,  9.499733483266160E-03,  1.644827864463301E+00,  6.072854555434371E-04,
2453848.500000000, A.D. 2006-Apr-23 00:00:00.0000, -1.007807299079591E+00,  1.300394590908458E+00,  5.191457739260493E-02, -1.051211397633157E-02, -7.404997947763010E-03,  1.028911962855684E-04,  9.506644871792759E-03,  1.646024534291008E+00,  5.893639188888049E-04,
2453850.500000000, A.D. 2006-Apr-25 00:00:00.0000, -1.028696476437801E+00,  1.285413148037980E+00,  5.211344998906843E-02, -1.037665206664943E-02, -7.576050394500592E-03,  9.597956833775697E-05,  9.513348546403615E-03,  1.647185239569072E+00,  5.713215701074666E-04,
2453852.500000000, A.D. 2006-Apr-27 00:00:00.0000, -1.049312274829759E+00,  1.270091975609617E+00,  5.229848881215258E-02, -1.023874136617296E-02, -7.744723514640932E-03,  8.905764879919965E-05,  9.519843136021468E-03,  1.648309742902825E+00,  5.531626500705899E-04,
2453854.500000000, A.D. 2006-Apr-29 00:00:00.0000, -1.069649834932705E+00,  1.254435855935149E+00,  5.246967470374385E-02, -1.009842014548444E-02, -7.910993691155215E-03,  8.212688116882064E-05,  9.526127317527253E-03,  1.649397815201303E+00,  5.348912567029010E-04,
2453856.500000000, A.D. 2006-May-01 00:00:00.0000, -1.089704373745674E+00,  1.238449618254828E+00,  5.262699136209600E-02, -9.955726442152434E-03, -8.074837701850742E-03,  7.518866559852520E-05,  9.532199815389534E-03,  1.650449235613082E+00,  5.165114523746865E-04,
2453858.500000000, A.D. 2006-May-03 00:00:00.0000, -1.109471184269893E+00,  1.222138137864094E+00,  5.277042531582977E-02, -9.810698147439930E-03, -8.236232662658044E-03,  6.824440058250648E-05,  9.538059401337156E-03,  1.651463791469606E+00,  4.980273458557331E-04,
2453860.500000000, A.D. 2006-May-05 00:00:00.0000, -1.128945635201298E+00,  1.205506335286355E+00,  5.289996590322132E-02, -9.663373102033987E-03, -8.395156165518506E-03,  6.129551869431905E-05,  9.543704894127515E-03,  1.652441278245059E+00,  4.794430415720319E-04,
2453862.500000000, A.D. 2006-May-07 00:00:00.0000, -1.148123170617547E+00,  1.188559175450369E+00,  5.301560524463157E-02, -9.513788916454045E-03, -8.551586258861484E-03,  5.434339950840896E-05,  9.549135159162937E-03,  1.653381499489940E+00,  4.607625228485917E-04,
2453864.500000000, A.D. 2006-May-09 00:00:00.0000, -1.166999309675810E+00,  1.171301666917809E+00,  5.311733821960642E-02, -9.361982993554009E-03, -8.705501318508087E-03,  4.738938656496600E-05,  9.554349108216561E-03,  1.654284266783612E+00,  4.419897460829395E-04,
2453866.500000000, A.D. 2006-May-11 00:00:00.0000, -1.185569646309851E+00,  1.153738861146818E+00,  5.320516244065365E-02, -9.207992671634567E-03, -8.856880002440769E-03,  4.043485686645515E-05,  9.559345699155229E-03,  1.655149399686311E+00,  4.231287585664670E-04,
2453868.500000000, A.D. 2006-May-13 00:00:00.0000, -1.203829848957005E+00,  1.135875851768066E+00,  5.327907823742892E-02, -9.051855178912015E-03, -9.005701430316466E-03,  3.348118327494688E-05,  9.564123935691412E-03,  1.655976725696199E+00,  4.041835287162768E-04,
2453870.500000000, A.D. 2006-May-15 00:00:00.0000, -1.221775660274455E+00,  1.117717773898538E+00,  5.333908863281152E-02, -8.893607537068218E-03, -9.151945086489172E-03,  2.652969393101685E-05,  9.568682867102805E-03,  1.656766080200812E+00,  3.851579346250799E-04,
2453872.500000000, A.D. 2006-May-17 00:00:00.0000, -1.239402896863880E+00,  1.099269803476807E+00,  5.338519931848438E-02, -8.733286597034312E-03, -9.295590669493753E-03,  1.958169481816901E-05,  9.573021587928875E-03,  1.657517306424518E+00,  3.660558772935363E-04,
2453874.500000000, A.D. 2006-May-19 00:00:00.0000, -1.256707449023282E+00,  1.080537156644000E+00,  5.341741864095913E-02, -8.570929190574146E-03, -9.436618196246752E-03,  1.263853268290742E-05,  9.577139237822207E-03,  1.658230255402780E+00,  3.468813095499412E-04,
2453876.500000000, A.D. 2006-May-21 00:00:00.0000, -1.273685280498459E+00,  1.061525089128823E+00,  5.343575758080844E-02, -8.406572022279979E-03, -9.575008065452983E-03,  5.701536607563474E-06,  9.581035001273688E-03,  1.658904785934572E+00,  3.276381047757336E-04,
2453878.500000000, A.D. 2006-May-23 00:00:00.0000, -1.290332428251295E+00,  1.042238895660255E+00,  5.344022973576357E-02, -8.240251582063932E-03, -9.710740955788723E-03, -1.228021397747694E-06,  9.584708107381996E-03,  1.659540764542469E+00,  3.083300444732000E-04,
2453880.500000000, A.D. 2006-May-25 00:00:00.0000, -1.306645002228236E+00,  1.022683909424735E+00,  5.343085129956235E-02, -8.072004296783569E-03, -9.843797709413741E-03, -8.148848742574517E-06,  9.588157829651183E-03,  1.660138065437595E+00,  2.889609950939406E-04,
2453882.500000000, A.D. 2006-May-27 00:00:00.0000, -1.322619185161604E+00,  1.002865501528385E+00,  5.340764104975067E-02, -7.901866559929685E-03, -9.974159474881257E-03, -1.505963255529330E-05,  9.591383485817071E-03,  1.660696570489572E+00,  2.695348296331050E-04,
2453884.500000000, A.D. 2006-May-29 00:00:00.0000, -1.338251232378930E+00,  9.827890804895177E-01,  5.337062033419376E-02, -7.729874635087935E-03, -1.010180774848443E-02, -2.195909053750867E-05,  9.594384437688040E-03,  1.661216169198943E+00,  2.500553182326100E-04,
2453886.500000000, A.D. 2006-May-31 00:00:00.0000, -1.353537471610580E+00,  9.624600917448346E-01,  5.331981304960572E-02, -7.556064619987254E-03, -1.022672417185593E-02, -2.884597964411371E-05,  9.597160090891919E-03,  1.661696758653360E+00,  2.305262089087273E-04,
2453888.500000000, A.D. 2006-Jun-02 00:00:00.0000, -1.368474302832936E+00,  9.418840171955288E-01,  5.325524563250449E-02, -7.380472602489177E-03, -1.034889057044869E-02, -3.571902860207150E-05,  9.599709894794209E-03,  1.662138243513414E+00,  2.109513158632982E-04,
2453890.500000000, A.D. 2006-Jun-04 00:00:00.0000, -1.383058198118009E+00,  9.210663747647226E-01,  5.317694704552841E-02, -7.203134665797145E-03, -1.046828905550730E-02, -4.257694455011932E-05,  9.602033342351400E-03,  1.662540535987241E+00,  1.913344562265591E-04,
2453892.500000000, A.D. 2006-Jun-06 00:00:00.0000, -1.397285701504291E+00,  9.000127179594581E-01,  5.308494876652986E-02, -7.024086723327535E-03, -1.058490199858639E-02, -4.941849562396872E-05,  9.604129969952671E-03,  1.662903555803118E+00,  1.716793185298414E-04,
2453894.500000000, A.D. 2006-Jun-08 00:00:00.0000, -1.411153428870458E+00,  8.787286354786670E-01,  5.297928477369995E-02, -6.843364629148077E-03, -1.069871187139598E-02, -5.624245099604976E-05,  9.605999357294824E-03,  1.663227230187801E+00,  1.519896306926645E-04,
2453896.500000000, A.D. 2006-Jun-10 00:00:00.0000, -1.424658067837033E+00,  8.572197508243812E-01,  5.285999153548538E-02, -6.661004263494691E-03, -1.080970130201479E-02, -6.304754921526075E-05,  9.607641127270557E-03,  1.663511493847185E+00,  1.322691879084989E-04,
2453898.500000000, A.D. 2006-Jun-12 00:00:00.0000, -1.437796377695273E+00,  8.354917219345800E-01,  5.272710800678224E-02, -6.477041487170967E-03, -1.091785322910210E-02, -6.983253318133671E-05,  9.609054945931485E-03,  1.663756288959899E+00,  1.125217244542964E-04,
2453900.500000000, A.D. 2006-Jun-14 00:00:00.0000, -1.450565189329160E+00,  8.135502408231114E-01,  5.258067561277926E-02, -6.291512037818674E-03, -1.102315072259234E-02, -7.659619248475352E-05,  9.610240522310189E-03,  1.663961565146497E+00,  9.275090782933885E-05,
2453902.500000000, A.D. 2006-Jun-16 00:00:00.0000, -1.462961405173558E+00,  7.914010332476499E-01,  5.242073824326662E-02, -6.104451644352886E-03, -1.112557694048199E-02, -8.333731230213967E-05,  9.611197608379259E-03,  1.664127279462364E+00,  7.296044438860453E-05,
2453904.500000000, A.D. 2006-Jun-18 00:00:00.0000, -1.474981999187301E+00,  7.690498583991833E-01,  5.224734224583167E-02, -5.915896136535889E-03, -1.122511522037403E-02, -9.005462968658930E-05,  9.611925999017959E-03,  1.664253396391945E+00,  5.315411994513471E-05,
2453906.500000000, A.D. 2006-Jun-20 00:00:00.0000, -1.486624016850802E+00,  7.465025085787256E-01,  5.206053642059577E-02, -5.725881276097865E-03, -1.132174914404368E-02, -9.674692410598406E-05,  9.612425531942767E-03,  1.664339887836719E+00,  3.333561179133451E-05,
2453908.500000000, A.D. 2006-Jun-22 00:00:00.0000, -1.497884575173251E+00,  7.237648089121110E-01,  5.186037201264347E-02, -5.534442781541242E-03, -1.141546238306598E-02, -1.034130000548181E-04,  9.612696087667356E-03,  1.664386733108272E+00,  1.350857179127540E-05,
2453910.500000000, A.D. 2006-Jun-24 00:00:00.0000, -1.508760862718747E+00,  7.008426170713684E-01,  5.164690270361368E-02, -5.341616442829854E-03, -1.150623865156546E-02, -1.100516349339145E-04,  9.612737589448235E-03,  1.664393918918877E+00, -6.323264328492225E-06,
2453912.500000000, A.D. 2006-Jun-26 00:00:00.0000, -1.519250139674843E+00,  6.777418230088074E-01,  5.142018461512648E-02, -5.147438145833121E-03, -1.159406190208549E-02, -1.166615845090113E-04,  9.612550003359543E-03,  1.664361439394456E+00, -2.615615019330239E-05,
2453914.500000000, A.D. 2006-Jun-28 00:00:00.0000, -1.529349737917383E+00,  6.544683486951036E-01,  5.118027630021542E-02, -4.951943744224575E-03, -1.167891624317715E-02, -1.232416425169560E-04,  9.612133338233089E-03,  1.664289296064188E+00, -4.598641732888896E-05,
2453916.500000000, A.D. 2006-Jun-30 00:00:00.0000, -1.539057061105210E+00,  6.310281478691714E-01,  5.092723873990337E-02, -4.755169092119121E-03, -1.176078582018505E-02, -1.297906250945709E-04,  9.611487645660766E-03,  1.664177497860932E+00, -6.581041019564730E-05,
2453918.500000000, A.D. 2006-Jul-02 00:00:00.0000, -1.548369584798376E+00,  6.074272058178910E-01,  5.066113534261813E-02, -4.557150217507158E-03, -1.183965486629018E-02, -1.363072946861154E-04,  9.610613020063965E-03,  1.664026061133247E+00, -8.562435935690917E-05,
2453920.500000000, A.D. 2006-Jul-04 00:00:00.0000, -1.557284856601541E+00,  5.836715391351818E-01,  5.038203194366233E-02, -4.357923220915050E-03, -1.191550782135723E-02, -1.427904213300358E-04,  9.609509598724860E-03,  1.663835009650803E+00, -1.054245295097904E-04,
2453922.500000000, A.D. 2006-Jul-06 00:00:00.0000, -1.565800496326961E+00,  5.597671955026617E-01,  5.008999680550646E-02, -4.157524203520061E-03, -1.198832924849976E-02, -1.492388171321907E-04,  9.608177561848546E-03,  1.663604374615145E+00, -1.252072643496002E-04,
2453924.500000000, A.D. 2006-Jul-08 00:00:00.0000, -1.573914196166344E+00,  5.357202534815562E-01,  4.978510061170259E-02, -3.955989377624990E-03, -1.205810369218773E-02, -1.556512801363312E-04,  9.606617132568255E-03,  1.663334194660594E+00, -1.449688466541743E-04,
2453926.500000000, A.D. 2006-Jul-10 00:00:00.0000, -1.581623720912435E+00,  5.115368223079512E-01,  4.946741647454372E-02, -3.753355146078473E-03, -1.212481584348249E-02, -1.620265728090542E-04,  9.604828577102010E-03,  1.663024515881374E+00, -1.647054922756707E-04,
2453928.500000000, A.D. 2006-Jul-12 00:00:00.0000, -1.588926908187810E+00,  4.872230416920420E-01,  4.913701993539675E-02, -3.549658014066249E-03, -1.218845058207076E-02, -1.683634698882068E-04,  9.602812204830207E-03,  1.662675391845038E+00, -1.844134539883484E-04,
2453930.500000000, A.D. 2006-Jul-14 00:00:00.0000, -1.595821668694500E+00,  4.627850816108079E-01,  4.879398896355437E-02, -3.344934519300600E-03, -1.224899282365325E-02, -1.746607902007235E-04,  9.600568368350880E-03,  1.662286883602044E+00, -2.040890518336612E-04,
2453932.500000000, A.D. 2006-Jul-16 00:00:00.0000, -1.602305986494183E+00,  4.382291421325810E-01,  4.843840396094968E-02, -3.139221418332353E-03, -1.230642751485418E-02, -1.809173122310670E-04,  9.598097463632672E-03,  1.661859059712237E+00, -2.237285073647625E-04,
2453934.500000000, A.D. 2006-Jul-18 00:00:00.0000, -1.608377919312229E+00,  4.135614532223846E-01,  4.807034776537059E-02, -2.932555685715083E-03, -1.236073974931266E-02, -1.871317865050654E-04,  9.595399930137168E-03,  1.661391996266031E+00, -2.433279879375833E-04,
2453936.500000000, A.D. 2006-Jul-20 00:00:00.0000, -1.614035598873123E+00,  3.887882745483091E-01,  4.768990565822929E-02, -2.724974384249696E-03, -1.241191479899579E-02, -1.933030056829441E-04,  9.592476250994025E-03,  1.660885776914735E+00, -2.628837482498992E-04,
2453938.500000000, A.D. 2006-Jul-22 00:00:00.0000, -1.619277231237983E+00,  3.639158953012007E-01,  4.729716536226915E-02, -2.516514729876432E-03, -1.245993791643620E-02, -1.994297668035389E-04,  9.589326953078061E-03,  1.660340492883893E+00, -2.823920290817123E-04,
2453940.500000000, A.D. 2006-Jul-24 00:00:00.0000, -1.624101097190189E+00,  3.389506340091116E-01,  4.689221705073195E-02, -2.307214198627882E-03, -1.250479441950649E-02, -2.055108325661528E-04,  9.585952607219193E-03,  1.659756243009644E+00, -3.018489888970150E-04,
2453942.500000000, A.D. 2006-Jul-26 00:00:00.0000, -1.628505552643353E+00,  3.138988383568702E-01,  4.647515335623135E-02, -2.097110521626532E-03, -1.254646982756372E-02, -2.115449451836051E-04,  9.582353828414557E-03,  1.659133133775439E+00, -3.212507473299913E-04,
2453944.500000000, A.D. 2006-Jul-28 00:00:00.0000, -1.632489029062763E+00,  2.887668849831804E-01,  4.604606937276465E-02, -1.886241535713125E-03, -1.258494974408493E-02, -2.175308979214069E-04,  9.578531275958937E-03,  1.658471279334633E+00, -3.405935163966979E-04,
2453946.500000000, A.D. 2006-Jul-30 00:00:00.0000, -1.636050033921128E+00,  2.635611793021763E-01,  4.560506266453134E-02, -1.674645325745794E-03, -1.262021979022915E-02, -2.234674696509779E-04,  9.574485653668471E-03,  1.657770801549211E+00, -3.598734616224350E-04,
2453948.500000000, A.D. 2006-Aug-01 00:00:00.0000, -1.639187151176146E+00,  2.382881553136730E-01,  4.515223327218691E-02, -1.462360317972897E-03, -1.265226567606001E-02, -2.293533888319425E-04,  9.570217710079145E-03,  1.657031830024163E+00, -3.790866362421973E-04,
2453950.500000000, A.D. 2006-Aug-03 00:00:00.0000, -1.641899041789062E+00,  2.129542753949523E-01,  4.468768372641964E-02, -1.249425157423277E-03, -1.268107333506755E-02, -2.351874067846867E-04,  9.565728238729894E-03,  1.656254502156495E+00, -3.982291333434474E-04,
2453952.500000000, A.D. 2006-Aug-05 00:00:00.0000, -1.644184444245600E+00,  1.875660301023047E-01,  4.421151905127788E-02, -1.035878697490862E-03, -1.270662874355993E-02, -2.409682971219203E-04,  9.561018078333745E-03,  1.655438963164867E+00, -4.172970787227167E-04,
2453954.500000000, A.D. 2006-Aug-07 00:00:00.0000, -1.646042175115124E+00,  1.621299379601090E-01,  4.372384677296164E-02, -8.217601055844287E-04, -1.272891789765919E-02, -2.466948116104928E-04,  9.556088113021255E-03,  1.654585366131739E+00, -4.362865394234636E-04,
2453956.500000000, A.D. 2006-Aug-09 00:00:00.0000, -1.647471129647156E+00,  1.366525452541072E-01,  4.322477693539012E-02, -6.071089416863217E-04, -1.274792698555467E-02, -2.523656568212503E-04,  9.550939272663402E-03,  1.653693872059281E+00, -4.551934776148083E-04,
2453958.500000000, A.D. 2006-Aug-11 00:00:00.0000, -1.648470282378306E+00,  1.111404257928734E-01,  4.271442210640963E-02, -3.919649963205679E-04, -1.276364235789471E-02, -2.579795756792716E-04,  9.545572533095056E-03,  1.652764649908061E+00, -4.740139176448212E-04,
2453960.500000000, A.D. 2006-Aug-13 00:00:00.0000, -1.649038687773677E+00,  8.560018067602419E-02,  4.219289738955906E-02, -1.763683351502005E-04, -1.277605041958225E-02, -2.635353278368025E-04,  9.539988916404651E-03,  1.651797876647208E+00, -4.927439045867588E-04,
2453962.500000000, A.D. 2006-Aug-15 00:00:00.0000, -1.649175480888451E+00,  6.003843806112889E-02,  4.166032043298512E-02,  3.964054181557007E-05, -1.278513763714737E-02, -2.690316180673792E-04,  9.534189491194304E-03,  1.650793737299440E+00, -5.113793613843932E-04,
2453964.500000000, A.D. 2006-Aug-17 00:00:00.0000, -1.648879878074425E+00,  3.446185289708144E-02,  4.111681144618647E-02,  2.560207658058803E-04, -1.279089071774569E-02, -2.744671446913675E-04,  9.528175372944559E-03,  1.649752425004228E+00, -5.299161765307451E-04,
2453966.500000000, A.D. 2006-Aug-19 00:00:00.0000, -1.648151177697351E+00,  8.877106657903821E-03,  4.056249321026885E-02,  4.727311755221898E-04, -1.279329652599332E-02, -2.798406363894438E-04,  9.521947724298962E-03,  1.648674141067062E+00, -5.483502851369792E-04,
2453968.500000000, A.D. 2006-Aug-21 00:00:00.0000, -1.646988760877478E+00, -1.670909294268480E-02,  3.999749108563020E-02,  6.897302474219794E-04, -1.279234195384263E-02, -2.851508188997471E-04,  9.515507755332643E-03,  1.647559095005956E+00, -5.666776111684829E-04,
2453970.500000000, A.D. 2006-Aug-23 00:00:00.0000, -1.645392092278312E+00, -4.229001223766097E-02,  3.942193303139877E-02,  9.069759626072678E-04, -1.278801407470431E-02, -2.903963654967677E-04,  9.508856723951652E-03,  1.646407504620589E+00, -5.848939514770813E-04,
2453972.500000000, A.D. 2006-Aug-25 00:00:00.0000, -1.643360720907341E+00, -6.785889192672857E-02,  3.883594961617308E-02,  1.124425907942463E-03, -1.278030020563023E-02, -2.955759531524027E-04,  9.501995936209089E-03,  1.645219596047047E+00, -6.029950867630070E-04,
2453974.500000000, A.D. 2006-Aug-27 00:00:00.0000, -1.640894280949295E+00, -9.340894741448093E-02,  3.823967403178550E-02,  1.342037350552407E-03, -1.276918780903639E-02, -3.006883013483854E-04,  9.494926746663815E-03,  1.643995603819926E+00, -6.209768694140825E-04,
2453976.500000000, A.D. 2006-Aug-29 00:00:00.0000, -1.637992492618656E+00, -1.189333691435049E-01,  3.763324210448898E-02,  1.559767057616246E-03, -1.275466443145109E-02, -3.057320867503559E-04,  9.487650558694542E-03,  1.642735770926718E+00, -6.388350614230336E-04,
2453978.500000000, A.D. 2006-Aug-31 00:00:00.0000, -1.634655163054588E+00, -1.444253229700034E-01,  3.701679231198134E-02,  1.777571287706634E-03, -1.273671786122045E-02, -3.107059541434570E-04,  9.480168824912878E-03,  1.641440348879325E+00, -6.565653335944177E-04,
2453980.500000000, A.D. 2006-Sep-02 00:00:00.0000, -1.630882187240421E+00, -1.698779505523915E-01,  3.639046580030319E-02,  1.995405885757938E-03, -1.271533618200969E-02, -3.156085701514318E-04,  9.472483047567159E-03,  1.640109597783984E+00, -6.741633660245473E-04,
2453982.500000000, A.D. 2006-Sep-04 00:00:00.0000, -1.626673548931694E+00, -1.952843697665284E-01,  3.575440639087291E-02,  2.213226282475581E-03, -1.269050758034669E-02, -3.204386189131432E-04,  9.464594778848008E-03,  1.638743786394172E+00, -6.916248767331280E-04,
2453984.500000000, A.D. 2006-Sep-06 00:00:00.0000, -1.622029321635510E+00, -2.206376751318283E-01,  3.510876060048563E-02,  2.430987344682926E-03, -1.266222043760610E-02, -3.251947420459883E-04,  9.456505621334377E-03,  1.637343192187829E+00, -7.089454820014861E-04,
2453986.500000000, A.D. 2006-Sep-08 00:00:00.0000, -1.616949669606657E+00, -2.459309382676834E-01,  3.445367765589141E-02,  2.648643376731432E-03, -1.263046344955801E-02, -3.298755488508992E-04,  9.448217228387045E-03,  1.635908101435504E+00, -7.261206976055603E-04,
2453988.500000000, A.D. 2006-Sep-10 00:00:00.0000, -1.611434848872867E+00, -2.711572083935255E-01,  3.378930950866239E-02,  2.866148280172553E-03, -1.259522559438709E-02, -3.344796992224752E-04,  9.439731304577134E-03,  1.634438809274535E+00, -7.431461126812802E-04,
2453990.500000000, A.D. 2006-Sep-12 00:00:00.0000, -1.605485208278639E+00, -2.963095128265904E-01,  3.311581084814718E-02,  3.083455413952399E-03, -1.255649601717456E-02, -3.390058353088584E-04,  9.431049606051387E-03,  1.632935619772306E+00, -7.600172829353829E-04,
2453992.500000000, A.D. 2006-Sep-14 00:00:00.0000, -1.599101190562622E+00, -3.213808575248567E-01,  3.243333911642522E-02,  3.300517516880594E-03, -1.251426412097105E-02, -3.434525543744079E-04,  9.422173940955181E-03,  1.631398845999484E+00, -7.767296590285515E-04,
2453994.500000000, A.D. 2006-Sep-16 00:00:00.0000, -1.592283333472518E+00, -3.463642276589513E-01,  3.174205452962116E-02,  3.517286771839981E-03, -1.246851973324032E-02, -3.478184538709804E-04,  9.413106169925139E-03,  1.629828810115313E+00, -7.932786331269290E-04,
2453996.500000000, A.D. 2006-Sep-18 00:00:00.0000, -1.585032270879134E+00, -3.712525882190670E-01,  3.104212008556350E-02,  3.733714879485160E-03, -1.241925293485323E-02, -3.521021627413594E-04,  9.403848206438243E-03,  1.628225843428063E+00, -8.096596558599700E-04,
2453998.500000000, A.D. 2006-Sep-20 00:00:00.0000, -1.577348733934833E+00, -3.960388846480244E-01,  3.033370158109121E-02,  3.949752935776347E-03, -1.236645405827143E-02, -3.563022897184219E-04,  9.394402017266365E-03,  1.626590286473727E+00, -8.258681358257537E-04,
2454000.500000000, A.D. 2006-Sep-22 00:00:00.0000, -1.569233552255040E+00, -4.207160435008562E-01,  2.961696762874247E-02,  4.165351337444732E-03, -1.231011382331025E-02, -3.604173874153043E-04,  9.384769622908977E-03,  1.624922489090944E+00, -8.418993349779051E-04,
2454002.500000000, A.D. 2006-Sep-24 00:00:00.0000, -1.560687655124065E+00, -4.452769731686259E-01,  2.889208967124887E-02,  4.380459953160038E-03, -1.225022339201326E-02, -3.644460437729434E-04,  9.374953098065294E-03,  1.623222810502747E+00, -8.577485350719286E-04,
2454004.500000000, A.D. 2006-Sep-26 00:00:00.0000, -1.551712072720119E+00, -4.697145646148685E-01,  2.815924199528105E-02,  4.595028080207176E-03, -1.218677424608105E-02, -3.683868604522249E-04,  9.364954572048516E-03,  1.621491619388288E+00, -8.734110403687477E-04,
2454006.500000000, A.D. 2006-Sep-28 00:00:00.0000, -1.542307937360885E+00, -4.940216921557526E-01,  2.741860174236682E-02,  4.809004317474847E-03, -1.211975818680425E-02, -3.722383954177155E-04,  9.354776229188995E-03,  1.619729293952643E+00, -8.888820763896868E-04,
2454008.500000000, A.D. 2006-Sep-30 00:00:00.0000, -1.532476484794276E+00, -5.181912142864578E-01,  2.667034893046401E-02,  5.022336575728726E-03, -1.204916755172180E-02, -3.759991842653175E-04,  9.344420309370313E-03,  1.617936222019634E+00, -9.041567558668245E-04,
2454010.500000000, A.D. 2006-Oct-02 00:00:00.0000, -1.522219055486869E+00, -5.422159745508582E-01,  2.591466646285595E-02,  5.234972187797832E-03, -1.197499514427485E-02, -3.796677928799541E-04,  9.333889108430306E-03,  1.616112801101258E+00, -9.192302171121484E-04,
2454012.500000000, A.D. 2006-Oct-04 00:00:00.0000, -1.511537095941594E+00, -5.660888024570102E-01,  2.515174013988505E-02,  5.446857860807201E-03, -1.189723413789057E-02, -3.832427962250634E-04,  9.323184978609700E-03,  1.614259438475372E+00, -9.340976267775833E-04,
2454014.500000000, A.D. 2006-Oct-06 00:00:00.0000, -1.500432160043201E+00, -5.898025144184720E-01,  2.438175867486940E-02,  5.657939515387533E-03, -1.181587819273172E-02, -3.867227089405823E-04,  9.312310328997851E-03,  1.612376551262867E+00, -9.487540109017775E-04,
2454016.500000000, A.D. 2006-Oct-08 00:00:00.0000, -1.488905910421034E+00, -6.133499147719502E-01,  2.360491370590629E-02,  5.868162399801521E-03, -1.173092157262340E-02, -3.901060498541135E-04,  9.301267626015890E-03,  1.610464566511324E+00, -9.631943387697119E-04,
2454018.500000000, A.D. 2006-Oct-10 00:00:00.0000, -1.476960119832054E+00, -6.367237968319811E-01,  2.282139980873820E-02,  6.077471158280231E-03, -1.164235908258781E-02, -3.933913772847425E-04,  9.290059393881871E-03,  1.608523921275552E+00, -9.774136226201689E-04,
2454020.500000000, A.D. 2006-Oct-12 00:00:00.0000, -1.464596672548770E+00, -6.599169439877547E-01,  2.203141450215234E-02,  6.285809694888133E-03, -1.155018597427709E-02, -3.965772205470869E-04,  9.278688214980766E-03,  1.606555062681647E+00, -9.914068474205773E-04,
2454022.500000000, A.D. 2006-Oct-14 00:00:00.0000, -1.451817565790402E+00, -6.829221308623861E-01,  2.123515826482985E-02,  6.493121131618922E-03, -1.145439814760136E-02, -3.996620739121017E-04,  9.267156730389678E-03,  1.604558448017935E+00, -1.005168876439124E-03,
2454024.500000000, A.D. 2006-Oct-16 00:00:00.0000, -1.438624911155544E+00, -7.057321245233907E-01,  2.043283454453633E-02,  6.699347898413240E-03, -1.135499221031426E-02, -4.026444442916107E-04,  9.255467640310700E-03,  1.602534544809914E+00, -1.018694524383759E-03,
2454026.500000000, A.D. 2006-Oct-18 00:00:00.0000, -1.425020936064006E+00, -7.283396857603545E-01,  1.962464976239283E-02,  6.904431788917276E-03, -1.125196533631573E-02, -4.055228757724529E-04,  9.243623704495708E-03,  1.600483830893810E+00, -1.031978684270532E-03,
2454028.500000000, A.D. 2006-Oct-20 00:00:00.0000, -1.411007985225143E+00, -7.507375703941844E-01,  1.881081332425431E-02,  7.108313779656079E-03, -1.114531533007697E-02, -4.082958671267825E-04,  9.231627742664306E-03,  1.598406794488938E+00, -1.045016159527310E-03,
2454030.500000000, A.D. 2006-Oct-22 00:00:00.0000, -1.396588522113658E+00, -7.729185306661032E-01,  1.799153762701387E-02,  7.310934053459443E-03, -1.103504076323459E-02, -4.109618899348738E-04,  9.219482634933976E-03,  1.596303934272181E+00, -1.057801645716940E-03,
2454032.500000000, A.D. 2006-Oct-24 00:00:00.0000, -1.381765130463855E+00, -7.948753166918976E-01,  1.716703806779448E-02,  7.512232141693297E-03, -1.092114101684837E-02, -4.135194633206233E-04,  9.207191322290087E-03,  1.594175759459370E+00, -1.070329852390077E-03,
2454034.500000000, A.D. 2006-Oct-26 00:00:00.0000, -1.366540515752837E+00, -8.166006779612366E-01,  1.633753304274829E-02,  7.712146835998901E-03, -1.080361612598943E-02, -4.159671034475182E-04,  9.194756806889356E-03,  1.592022789857828E+00, -1.082595518851093E-03,
2454036.500000000, A.D. 2006-Oct-28 00:00:00.0000, -1.350917506712458E+00, -8.380873649125730E-01,  1.550324395415082E-02,  7.910616107179290E-03, -1.068246691292246E-02, -4.183032921558217E-04,  9.182182152483731E-03,  1.589845555939761E+00, -1.094593304196514E-03,
2454038.500000000, A.D. 2006-Oct-30 00:00:00.0000, -1.334899056846493E+00, -8.593281305680097E-01,  1.466439521687394E-02,  8.107577138249196E-03, -1.055769515160935E-02, -4.205264998129260E-04,  9.169470484800999E-03,  1.587644598908158E+00, -1.106317752360948E-03,
2454040.500000000, A.D. 2006-Nov-01 00:00:00.0000, -1.318488245935413E+00, -8.803157322545516E-01,  1.382121425394946E-02,  8.302966466103104E-03, -1.042930345734383E-02, -4.226352493517161E-04,  9.156624991879440E-03,  1.585420470754734E+00, -1.117763487363844E-03,
2454042.500000000, A.D. 2006-Nov-03 00:00:00.0000, -1.301688281556652E+00, -9.010429333721713E-01,  1.297393149901127E-02,  8.496719843587972E-03, -1.029729527720642E-02, -4.246280493357717E-04,  9.143648924377591E-03,  1.583173734313571E+00, -1.128925124376457E-03,
2454044.500000000, A.D. 2006-Nov-05 00:00:00.0000, -1.284502500599333E+00, -9.215025052393904E-01,  1.212278039383254E-02,  8.688772170903226E-03, -1.016167501177193E-02, -4.265033625426618E-04,  9.130545595846948E-03,  1.580904963308323E+00, -1.139797172068631E-03,
2454046.500000000, A.D. 2006-Nov-07 00:00:00.0000, -1.266934370788981E+00, -9.416872290312497E-01,  1.126799738940574E-02,  8.879057649436415E-03, -1.002244815470347E-02, -4.282596876696676E-04,  9.117318383098575E-03,  1.578614742415702E+00, -1.150374100548077E-03,
2454048.500000000, A.D. 2006-Nov-09 00:00:00.0000, -1.248987492187816E+00, -9.615898977732757E-01,  1.040982193665703E-02,  9.067509783384130E-03, -9.879621151007422E-03, -4.298955506004777E-04,  9.103970726385203E-03,  1.576303667297003E+00, -1.160650442038151E-03,
2454050.500000000, A.D. 2006-Nov-11 00:00:00.0000, -1.230665598697606E+00, -9.812033184215142E-01,  9.548496478716896E-03,  9.254061284169278E-03, -9.733201423106731E-03, -4.314094566388008E-04,  9.090506129629599E-03,  1.573972344637647E+00, -1.170620724947344E-03,
2454052.500000000, A.D. 2006-Nov-13 00:00:00.0000, -1.211972559567431E+00, -1.000520314013841E+00,  8.684266449180763E-03,  9.438644042150121E-03, -9.583197589605259E-03, -4.327998831696620E-04,  9.076928160659588E-03,  1.571621392187872E+00, -1.180279344457348E-03,
2454054.500000000, A.D. 2006-Nov-15 00:00:00.0000, -1.192912380869480E+00, -1.019533725921069E+00,  7.817380256738069E-03,  9.621189293686251E-03, -9.429619443992839E-03, -4.340653554801825E-04,  9.063240451387209E-03,  1.569251438793754E+00, -1.189620725631122E-03,
2454056.500000000, A.D. 2006-Nov-17 00:00:00.0000, -1.173489206970923E+00, -1.038236416168848E+00,  6.948089273480581E-03,  9.801627588318193E-03, -9.272477885223970E-03, -4.352044253987229E-04,  9.049446697965655E-03,  1.566863124424380E+00, -1.198639362305400E-03,
2454058.500000000, A.D. 2006-Nov-19 00:00:00.0000, -1.153707321984349E+00, -1.056621269832081E+00,  6.076647819164779E-03,  9.979888649674768E-03, -9.111784996477043E-03, -4.362155991315363E-04,  9.035550660849205E-03,  1.564457100182225E+00, -1.207329688140982E-03,
2454060.500000000, A.D. 2006-Nov-21 00:00:00.0000, -1.133571151211481E+00, -1.074681197541690E+00,  5.203313147907983E-03,  1.015590149134731E-02, -8.947554234643695E-03, -4.370973977142820E-04,  9.021556164976817E-03,  1.562034028334939E+00, -1.215686064049122E-03,
2454062.500000000, A.D. 2006-Nov-23 00:00:00.0000, -1.113085262551895E+00, -1.092409138063230E+00,  4.328345427723231E-03,  1.032959450575480E-02, -8.779800380865061E-03, -4.378483917919390E-04,  9.007467099811053E-03,  1.559594582322090E+00, -1.223702894830382E-03,
2454064.500000000, A.D. 2006-Nov-25 00:00:00.0000, -1.092254367879224E+00, -1.109798060968419E+00,  3.452007713193331E-03,  1.050089539795433E-02, -8.608539451478926E-03, -4.384671573356135E-04,  8.993287419332141E-03,  1.557139446754130E+00, -1.231374665925395E-03,
2454066.500000000, A.D. 2006-Nov-27 00:00:00.0000, -1.071083324412123E+00, -1.126840969389033E+00,  2.574565928242349E-03,  1.066973111207836E-02, -8.433788914327032E-03, -4.389522418062888E-04,  8.979021142063073E-03,  1.554669317416749E+00, -1.238695769047101E-03,
2454068.500000000, A.D. 2006-Nov-29 00:00:00.0000, -1.049577136034246E+00, -1.143530902874910E+00,  1.696288836221545E-03,  1.083602796096368E-02, -8.255567765993720E-03, -4.393022202204710E-04,  8.964672351029285E-03,  1.552184901263884E+00, -1.245660561406686E-03,
2454070.500000000, A.D. 2006-Dec-01 00:00:00.0000, -1.027740954582395E+00, -1.159860940348874E+00,  8.174480090138276E-04,  1.099971172485293E-02, -8.073896455555223E-03, -4.395157328385425E-04,  8.950245193717416E-03,  1.549686916410587E+00, -1.252263508017104E-03,
2454072.500000000, A.D. 2006-Dec-03 00:00:00.0000, -1.005580081091079E+00, -1.175824203129756E+00, -6.168220705965937E-05,  1.116070749142905E-02, -7.888796896484447E-03, -4.395913946110698E-04,  8.935743881869173E-03,  1.547176092097328E+00, -1.258499090557174E-03,
2454074.500000000, A.D. 2006-Dec-05 00:00:00.0000, -9.830999670027634E-01, -1.191413858076128E+00, -9.408247254931253E-04,  1.131893970967740E-02, -7.700292652351930E-03, -4.395278178846947E-04,  8.921172691376239E-03,  1.544653168671803E+00, -1.264361734276544E-03,
2454076.500000000, A.D. 2006-Dec-07 00:00:00.0000, -9.603062153300772E-01, -1.206623120818438E+00, -1.819699755979438E-03,  1.147433232631825E-02, -7.508409014496247E-03, -4.393236712238891E-04,  8.906535962095842E-03,  1.542118897556996E+00, -1.269845858317667E-03,
2454078.500000000, A.D. 2006-Dec-09 00:00:00.0000, -9.372045817453115E-01, -1.221445259087626E+00, -2.698024854881304E-03,  1.162680879589860E-02, -7.313172842414543E-03, -4.389776624380397E-04,  8.891838097542496E-03,  1.539574041197811E+00, -1.274946025438368E-03,
2454080.500000000, A.D. 2006-Dec-11 00:00:00.0000, -9.138009756393460E-01, -1.235873596135039E+00, -3.575514965770278E-03,  1.177629198961564E-02, -7.114612718667654E-03, -4.384884870191413E-04,  8.877083564597543E-03,  1.537019373010778E+00, -1.279656793002090E-03,
2454082.500000000, A.D. 2006-Dec-13 00:00:00.0000, -8.901014611089220E-01, -1.249901514252353E+00, -4.451882468712153E-03,  1.192270425507090E-02, -6.912759099117182E-03, -4.378548461135343E-04,  8.862276893132643E-03,  1.534455677318859E+00, -1.283972657515352E-03,
2454084.500000000, A.D. 2006-Dec-15 00:00:00.0000, -8.661122578768450E-01, -1.263522458408653E+00, -5.326837235239337E-03,  1.206596761549202E-02, -6.707644287283865E-03, -4.370755284509611E-04,  8.847422675661833E-03,  1.531883749291213E+00, -1.287888213212194E-03,
2454086.500000000, A.D. 2006-Dec-17 00:00:00.0000, -8.418397421395998E-01, -1.276729939955279E+00, -6.200086686173657E-03,  1.220600366248025E-02, -6.499302378341408E-03, -4.361493365949176E-04,  8.832525566786849E-03,  1.529304394847146E+00, -1.291398156891293E-03,
2454088.500000000, A.D. 2006-Dec-19 00:00:00.0000, -8.172904473429329E-01, -1.289517540445697E+00, -7.071335853178344E-03,  1.234273354190617E-02, -6.287769395746558E-03, -4.350750651129635E-04,  8.817590282669027E-03,  1.526718430564680E+00, -1.294497197606079E-03,
2454090.500000000, A.D. 2006-Dec-21 00:00:00.0000, -7.924710648893958E-01, -1.301878915556057E+00, -7.940287437725240E-03,  1.247607809428894E-02, -6.073083472686781E-03, -4.338515589728203E-04,  8.802621600487164E-03,  1.524126683586683E+00, -1.297180006576236E-03,
2454092.500000000, A.D. 2006-Dec-23 00:00:00.0000, -7.673884447334998E-01, -1.313807799100378E+00, -8.806641887628888E-03,  1.260595795633077E-02, -5.855284705833028E-03, -4.324777342387491E-04,  8.787624357729604E-03,  1.521529991498300E+00, -1.299441412608104E-03,
2454094.500000000, A.D. 2006-Dec-25 00:00:00.0000, -7.420495959048938E-01, -1.325298007141051E+00, -9.670097468589852E-03,  1.273229349617913E-02, -5.634415198997732E-03, -4.309525262934373E-04,  8.772603451468259E-03,  1.518929202201245E+00, -1.301276355308246E-03,
2454096.500000000, A.D. 2006-Dec-27 00:00:00.0000, -7.164616869357733E-01, -1.336343442186732E+00, -1.053035033890101E-02,  1.285500480215575E-02, -5.410519247678377E-03, -4.292748662998091E-04,  8.757563837512744E-03,  1.516325173767355E+00, -1.302679748446309E-03,
2454098.500000000, A.D. 2006-Dec-29 00:00:00.0000, -6.906320461802403E-01, -1.346938097513094E+00, -1.138709463364936E-02,  1.297401191550856E-02, -5.183643385555683E-03, -4.274437733415012E-04,  8.742510529608463E-03,  1.513718774299736E+00, -1.303646573758778E-03,
2454100.500000000, A.D. 2006-Dec-31 00:00:00.0000, -6.645681620264023E-01, -1.357076061553600E+00, -1.224002255169465E-02,  1.308923484154904E-02, -4.953836299027051E-03, -4.254583305839666E-04,  8.727448598437963E-03,  1.511110881759855E+00, -1.304171977677108E-03,
2454102.500000000, A.D. 2007-Jan-02 00:00:00.0000, -6.382776829904500E-01, -1.366751522384936E+00, -1.308882445039804E-02,  1.320059348336679E-02, -4.721148875578444E-03, -4.233176238016547E-04,  8.712383170539227E-03,  1.508502383780248E+00, -1.304251223365209E-03,
2454104.500000000, A.D. 2007-Jan-04 00:00:00.0000, -6.117684177126764E-01, -1.375958772314985E+00, -1.393318893505479E-02,  1.330800775987547E-02, -4.485634432233519E-03, -4.210207818419466E-04,  8.697319427253337E-03,  1.505894177482313E+00, -1.303879562719970E-03,
2454106.500000000, A.D. 2007-Jan-06 00:00:00.0000, -5.850483348048632E-01, -1.384692212554418E+00, -1.477280296465882E-02,  1.341139777020346E-02, -4.247348656298607E-03, -4.185670235378111E-04,  8.682262603499136E-03,  1.503287169264151E+00, -1.303052375066608E-03,
2454108.500000000, A.D. 2007-Jan-08 00:00:00.0000, -5.581255625721755E-01, -1.392946357979115E+00, -1.560735196084212E-02,  1.351068380985503E-02, -4.006349527690462E-03, -4.159556307909887E-04,  8.667217986500154E-03,  1.500682274580138E+00, -1.301765260963757E-03,
2454110.500000000, A.D. 2007-Jan-10 00:00:00.0000, -5.310083886095663E-01, -1.400715841958339E+00, -1.643651991474599E-02,  1.360578630703209E-02, -3.762697489214465E-03, -4.131858897232520E-04,  8.652190914349744E-03,  1.498080417692486E+00, -1.300013884380465E-03,
2454112.500000000, A.D. 2007-Jan-12 00:00:00.0000, -5.037052592462611E-01, -1.407995421290869E+00, -1.725998950547488E-02,  1.369662602670687E-02, -3.516455547167794E-03, -4.102571602469759E-04,  8.637186774605879E-03,  1.495482531427942E+00, -1.297793975475430E-03,
2454114.500000000, A.D. 2007-Jan-14 00:00:00.0000, -4.762247788449619E-01, -1.414779981209254E+00, -1.807744222114210E-02,  1.378312421748522E-02, -3.267689215244726E-03, -4.071689123789649E-04,  8.622211002749803E-03,  1.492889556910908E+00, -1.295101445572327E-03,
2454116.500000000, A.D. 2007-Jan-16 00:00:00.0000, -4.485757089333560E-01, -1.421064540445194E+00, -1.888855849118042E-02,  1.386520254051802E-02, -3.016466452674513E-03, -4.039206475546194E-04,  8.607269080454637E-03,  1.490302443263665E+00, -1.291932436737890E-03,
2454118.500000000, A.D. 2007-Jan-18 00:00:00.0000, -4.207669671976240E-01, -1.426844256381551E+00, -1.969301781345360E-02,  1.394278315148735E-02, -2.762857874979882E-03, -4.005119100397384E-04,  8.592366533888526E-03,  1.487722147312565E+00, -1.288283169081769E-03,
2454120.500000000, A.D. 2007-Jan-20 00:00:00.0000, -3.928076262956671E-01, -1.432114430263613E+00, -2.049049889247601E-02,  1.401578888054037E-02, -2.506936804096008E-03, -3.969423374408555E-04,  8.577508931854789E-03,  1.485149633266013E+00, -1.284149959490393E-03,
2454122.500000000, A.D. 2007-Jan-22 00:00:00.0000, -3.647069124876035E-01, -1.436870512481879E+00, -2.128067978911142E-02,  1.408414336223835E-02, -2.248779114115282E-03, -3.932116765949126E-04,  8.562701883875194E-03,  1.482585872382596E+00, -1.279529412815592E-03,
2454124.500000000, A.D. 2007-Jan-24 00:00:00.0000, -3.364742041044746E-01, -1.441108107888570E+00, -2.206323806539854E-02,  1.414777095882572E-02, -1.988463328391427E-03, -3.893197060732237E-04,  8.547951038073884E-03,  1.480031842604694E+00, -1.274418320460722E-03,
2454126.500000000, A.D. 2007-Jan-26 00:00:00.0000, -3.081190298226030E-01, -1.444822981182544E+00, -2.283785094068922E-02,  1.420659689825441E-02, -1.726070739519033E-03, -3.852662630958704E-04,  8.533262079038609E-03,  1.477488528188164E+00, -1.268813593143037E-03,
2454128.500000000, A.D. 2007-Jan-28 00:00:00.0000, -2.796510667536765E-01, -1.448011062346413E+00, -2.360419545023872E-02,  1.426054751878182E-02, -1.461685417328128E-03, -3.810513222263632E-04,  8.518640725626133E-03,  1.474956919322361E+00, -1.262712312388438E-03,
2454130.500000000, A.D. 2007-Jan-30 00:00:00.0000, -2.510801383209001E-01, -1.450668452099719E+00, -2.436194861673064E-02,  1.430955025871160E-02, -1.195394056537895E-03, -3.766749342009308E-04,  8.504092728513275E-03,  1.472438011706109E+00, -1.256111878750584E-03,
2454132.500000000, A.D. 2007-Feb-01 00:00:00.0000, -2.224162119504907E-01, -1.452791427399359E+00, -2.511078761975178E-02,  1.435353369690757E-02, -9.272861034614492E-04, -3.721372025101717E-04,  8.489623867747391E-03,  1.469932806123585E+00, -1.249009903859888E-03,
2454134.500000000, A.D. 2007-Feb-03 00:00:00.0000, -1.936693965570196E-01, -1.454376446958673E+00, -2.585038996896612E-02,  1.439242771280905E-02, -6.574538887635950E-04, -3.674383194751080E-04,  8.475239950148874E-03,  1.467442307994574E+00, -1.241404112160747E-03,
2454136.500000000, A.D. 2007-Feb-05 00:00:00.0000, -1.648499397955384E-01, -1.455420156797596E+00, -2.658043369425990E-02,  1.442616371240370E-02, -3.859924680609373E-04, -3.625786204422020E-04,  8.460946806663918E-03,  1.464967526916111E+00, -1.233292527586674E-03,
2454138.500000000, A.D. 2007-Feb-07 00:00:00.0000, -1.359682251127565E-01, -1.455919395783444E+00, -2.730059753158678E-02,  1.445467459930955E-02, -1.129996005133046E-04, -3.575585170443877E-04,  8.446750289514773E-03,  1.462509476169068E+00, -1.224673486062657E-03,
2454140.500000000, A.D. 2007-Feb-09 00:00:00.0000, -1.070347685691104E-01, -1.455871201175270E+00, -2.801056111748177E-02,  1.447789483014791E-02,  1.614241507898070E-04, -3.523784732687295E-04,  8.432656269245685E-03,  1.460069172206674E+00, -1.215545543898830E-03,
2454142.500000000, A.D. 2007-Feb-11 00:00:00.0000, -7.806021544156862E-02, -1.455272814182272E+00, -2.871000518617666E-02,  1.449576069303615E-02,  4.371753584092104E-04, -3.470390951770231E-04,  8.418670631784269E-03,  1.457647634145702E+00, -1.205907437032273E-03,
2454144.500000000, A.D. 2007-Feb-13 00:00:00.0000, -4.905533657931421E-02, -1.454121685481718E+00, -2.939861177820057E-02,  1.450821040109729E-02,  7.141479114256334E-04, -3.415411142783895E-04,  8.404799275247288E-03,  1.455245883213413E+00, -1.195758252596733E-03,
2454146.500000000, A.D. 2007-Feb-15 00:00:00.0000, -2.003102452967170E-02, -1.452415480719854E+00, -3.007606445242239E-02,  1.451518410571601E-02,  9.922330318459637E-04, -3.358853358658296E-04,  8.391048106693838E-03,  1.452864942185384E+00, -1.185097434596333E-03,
2454148.500000000, A.D. 2007-Feb-17 00:00:00.0000,  9.001710558843665E-03, -1.450152085972422E+00, -3.074204849418551E-02,  1.451662401728233E-02,  1.271319111300622E-03, -3.300726509923733E-04,  8.377423038743573E-03,  1.450505834799974E+00, -1.173924615260490E-03,
2454150.500000000, A.D. 2007-Feb-19 00:00:00.0000,  3.803174529951728E-02, -1.447329613171086E+00, -3.139625114134602E-02,  1.451247466750063E-02,  1.551291825170641E-03, -3.241041046752764E-04,  8.363929986152468E-03,  1.448169585165433E+00, -1.162239713079606E-03,
2454152.500000000, A.D. 2007-Feb-21 00:00:00.0000,  6.704784766395593E-02, -1.443946405464742E+00, -3.203836180911233E-02,  1.450268298525393E-02,  1.832034271781788E-03, -3.179808715068303E-04,  8.350574862237553E-03,  1.445857217140866E+00, -1.150043044355370E-03,
2454154.500000000, A.D. 2007-Feb-23 00:00:00.0000,  9.603868182774236E-02, -1.440001042498118E+00, -3.266807231944580E-02,  1.448719827390351E-02,  2.113426939083974E-03, -3.117041850550148E-04,  8.337363575111251E-03,  1.443569753684228E+00, -1.137335269647925E-03,
2454156.500000000, A.D. 2007-Feb-25 00:00:00.0000,  1.249928132579167E-01, -1.435492345639740E+00, -3.328507713323454E-02,  1.446597246335345E-02,  2.395347632379286E-03, -3.052754099060145E-04,  8.324302023975067E-03,  1.441308216210599E+00, -1.124117286595901E-03,
2454158.500000000, A.D. 2007-Feb-27 00:00:00.0000,  1.538987140586065E-01, -1.430419383101166E+00, -3.388907358928759E-02,  1.443896029823973E-02,  2.677671618587920E-03, -2.986960725415776E-04,  8.311396095211164E-03,  1.439073623915452E+00, -1.110390325294680E-03,
2454160.500000000, A.D. 2007-Mar-01 00:00:00.0000,  1.827447685765446E-01, -1.424781474954217E+00, -3.447976215256266E-02,  1.440611936225143E-02,  2.960271807014312E-03, -2.919678046733161E-04,  8.298651658390683E-03,  1.436866993083530E+00, -1.096156087962706E-03,
2454162.500000000, A.D. 2007-Mar-03 00:00:00.0000,  2.115192792318850E-01, -1.418578198030901E+00, -3.505684665273875E-02,  1.436741014620129E-02,  3.243018621002802E-03, -2.850923258327125E-04,  8.286074562159988E-03,  1.434689336376558E+00, -1.081416579689164E-03,
2454164.500000000, A.D. 2007-Mar-05 00:00:00.0000,  2.402104726195507E-01, -1.411809390702057E+00, -3.562003453662806E-02,  1.432279628084415E-02,  3.525780056527471E-03, -2.780714987640657E-04,  8.273670630083949E-03,  1.432541662113536E+00, -1.066174097064216E-03,
2454166.500000000, A.D. 2007-Mar-07 00:00:00.0000,  2.688065058570011E-01, -1.404475157521538E+00, -3.616903712306816E-02,  1.427224472907482E-02,  3.808421891958861E-03, -2.709073607552417E-04,  8.261445656437051E-03,  1.430424973541992E+00, -1.050431354082208E-03,
2454168.500000000, A.D. 2007-Mar-09 00:00:00.0000,  2.972954731780015E-01, -1.396575873689515E+00, -3.670356985799655E-02,  1.421572572094668E-02,  4.090807768077635E-03, -2.636020287521864E-04,  8.249405401755391E-03,  1.428340268067831E+00, -1.034191519743796E-03,
2454170.500000000, A.D. 2007-Mar-11 00:00:00.0000,  3.256654127673845E-01, -1.388112189375626E+00, -3.722335257184543E-02,  1.415321292841039E-02,  4.372799148276775E-03, -2.561577321659291E-04,  8.237555588457027E-03,  1.426288536497028E+00, -1.017458096581640E-03,
2454172.500000000, A.D. 2007-Mar-13 00:00:00.0000,  3.539043138352128E-01, -1.379085033855567E+00, -3.772810973704672E-02,  1.408468369777519E-02,  4.654255399450292E-03, -2.485768736530527E-04,  8.225901896344593E-03,  1.424270762256922E+00, -1.000234890486340E-03,
2454174.500000000, A.D. 2007-Mar-15 00:00:00.0000,  3.820001239499141E-01, -1.369495619448549E+00, -3.821757073802497E-02,  1.401011912166647E-02,  4.935034095920703E-03, -2.408619955484744E-04,  8.214449958037081E-03,  1.422287920605259E+00, -9.825262202995612E-04,
2454176.500000000, A.D. 2007-Mar-17 00:00:00.0000,  4.099407565783268E-01, -1.359345445248215E+00, -3.869147012931631E-02,  1.392950405099111E-02,  5.214991000046145E-03, -2.330157346307340E-04,  8.203205354305142E-03,  1.420340977822525E+00, -9.643368272474212E-04,
2454178.500000000, A.D. 2007-Mar-19 00:00:00.0000,  4.377140988634555E-01, -1.348636300632117E+00, -3.914954789915089E-02,  1.384282724931344E-02,  5.493980080529112E-03, -2.250408473987530E-04,  8.192173609353811E-03,  1.418430890395171E+00, -9.456717828440684E-04,
2454180.500000000, A.D. 2007-Mar-21 00:00:00.0000,  4.653080196292891E-01, -1.337370268556371E+00, -3.959154973795235E-02,  1.375008165258887E-02,  5.771853736022534E-03, -2.169402828211056E-04,  8.181360186167906E-03,  1.416558604209696E+00, -9.265365454048183E-04,
2454182.500000000, A.D. 2007-Mar-23 00:00:00.0000,  4.927103775964145E-01, -1.325549728573449E+00, -4.001722730300837E-02,  1.365126432133105E-02,  6.048463000560463E-03, -2.087171011443883E-04,  8.170770481642440E-03,  1.414725053709506E+00, -9.069370809580113E-04,
2454184.500000000, A.D. 2007-Mar-25 00:00:00.0000,  5.199090298046249E-01, -1.313177359605469E+00, -4.042633848409009E-02,  1.354637649820304E-02,  6.323657578724004E-03, -2.003744538717695E-04,  8.160409821763956E-03,  1.412931161060583E+00, -8.868797920010406E-04,
2454186.500000000, A.D. 2007-Mar-27 00:00:00.0000,  5.468918402211848E-01, -1.300256142451171E+00, -4.081864766206571E-02,  1.343542382393843E-02,  6.597285877498196E-03, -1.919156512151344E-04,  8.150283456769426E-03,  1.411177835313280E+00, -8.663713803859136E-04,
2454188.500000000, A.D. 2007-Mar-29 00:00:00.0000,  5.736466885631145E-01, -1.286789361997563E+00, -4.119392597858708E-02,  1.331841645631893E-02,  6.869195347051033E-03, -1.833441650103644E-04,  8.140396556284461E-03,  1.409465971560524E+00, -8.454190161932352E-04,
2454190.500000000, A.D. 2007-Mar-31 00:00:00.0000,  6.001614792800232E-01, -1.272780609136454E+00, -4.155195159554124E-02,  1.319536904584879E-02,  7.139232626039168E-03, -1.746635716866481E-04,  8.130754204428244E-03,  1.407796450090264E+00, -8.240303717088755E-04,
2454192.500000000, A.D. 2007-Apr-02 00:00:00.0000,  6.264241507002872E-01, -1.258233782361982E+00, -4.189250994910853E-02,  1.306630077871106E-02,  7.407243546252213E-03, -1.658775388291565E-04,  8.121361394854058E-03,  1.406170135526762E+00, -8.022135025008289E-04,
2454194.500000000, A.D. 2007-Apr-04 00:00:00.0000,  6.524226843440534E-01, -1.243153089071807E+00, -4.221539400876974E-02,  1.293123562229650E-02,  7.673073335132312E-03, -1.569899088358567E-04,  8.112223025953385E-03,  1.404587876000213E+00, -7.799768106520680E-04,
2454196.500000000, A.D. 2007-Apr-06 00:00:00.0000,  6.781451143733882E-01, -1.227543046513714E+00, -4.252040452879327E-02,  1.279020233985023E-02,  7.936566904277282E-03, -1.480046658280903E-04,  8.103343895944286E-03,  1.403050502296321E+00, -7.573291680646614E-04,
2454198.500000000, A.D. 2007-Apr-08 00:00:00.0000,  7.035795371767701E-01, -1.211408482387914E+00, -4.280735029862202E-02,  1.264323441985913E-02,  8.197568997911327E-03, -1.389258651178248E-04,  8.094728697994318E-03,  1.401558827011858E+00, -7.342799527784136E-04,
2454200.500000000, A.D. 2007-Apr-10 00:00:00.0000,  7.287141210492381E-01, -1.194754535113468E+00, -4.307604838014386E-02,  1.249037021976082E-02,  8.455924206562845E-03, -1.297576863885491E-04,  8.086382015407982E-03,  1.400113643721398E+00, -7.108388623885131E-04,
2454202.500000000, A.D. 2007-Apr-12 00:00:00.0000,  7.535371159932389E-01, -1.177586653721145E+00, -4.332632434975243E-02,  1.233165308984432E-02,  8.711477261737379E-03, -1.205044655823769E-04,  8.078308316856608E-03,  1.398715726151398E+00, -6.870159671039116E-04,
2454204.500000000, A.D. 2007-Apr-14 00:00:00.0000,  7.780368636003057E-01, -1.159910597380831E+00, -4.355801253423359E-02,  1.216713134777570E-02,  8.964073342700505E-03, -1.111706532107068E-04,  8.070511951682206E-03,  1.397365827367082E+00, -6.628218339217042E-04,
2454206.500000000, A.D. 2007-Apr-16 00:00:00.0000,  8.022018069842926E-01, -1.141732434534401E+00, -4.377095623093311E-02,  1.199685819454380E-02,  9.213558107715363E-03, -1.017607612165150E-04,  8.062997145135678E-03,  1.396064678947965E+00, -6.382674491091119E-04,
2454208.500000000, A.D. 2007-Apr-18 00:00:00.0000,  8.260205007792166E-01, -1.123058541665950E+00, -4.396500792994294E-02,  1.182089186942214E-02,  9.459777859780112E-03, -9.227942847063667E-05,  8.055767993843142E-03,  1.394812990202873E+00, -6.133641185278423E-04,
2454210.500000000, A.D. 2007-Apr-20 00:00:00.0000,  8.494816211640243E-01, -1.103895601672935E+00, -4.414002952554524E-02,  1.163929572410637E-02,  9.702579844279859E-03, -8.273144603268387E-05,  8.048828461298023E-03,  1.393611447389417E+00, -5.881235025188735E-04,
2454212.500000000, A.D. 2007-Apr-22 00:00:00.0000,  8.725739759126148E-01, -1.084250601822826E+00, -4.429589252399679E-02,  1.145213805793604E-02,  9.941812520666051E-03, -7.312166165614138E-05,  8.042182373403721E-03,  1.392460712942238E+00, -5.625577614375727E-04,
2454214.500000000, A.D. 2007-Apr-24 00:00:00.0000,  8.952865144203932E-01, -1.064130831329850E+00, -4.443247823430763E-02,  1.125949214101906E-02,  1.017732559076532E-02, -6.345499958397738E-05,  8.035833414151530E-03,  1.391361424724654E+00, -5.366793935650446E-04,
2454216.500000000, A.D. 2007-Apr-26 00:00:00.0000,  9.176083377182102E-01, -1.043543878517440E+00, -4.454967795417810E-02,  1.106143628969396E-02,  1.040897019864281E-02, -5.373650412979960E-05,  8.029785121400452E-03,  1.390314195297962E+00, -5.105011689798168E-04,
2454218.500000000, A.D. 2007-Apr-28 00:00:00.0000,  9.395287084563231E-01, -1.022497627581624E+00, -4.464739315371644E-02,  1.085805385861652E-02,  1.063659932491520E-02, -4.397133357865106E-05,  8.024040882864665E-03,  1.389319611226689E+00, -4.840362478691201E-04,
2454220.500000000, A.D. 2007-Apr-30 00:00:00.0000,  9.610370608045511E-01, -1.001000254928544E+00, -4.472553563663979E-02,  1.064943304832696E-02,  1.086006789044187E-02, -3.416468051623227E-05,  8.018603932075105E-03,  1.388378232379363E+00, -4.572981932672620E-04,
2454222.500000000, A.D. 2007-May-02 00:00:00.0000,  9.821230102822869E-01, -9.790602251177283E-01, -4.478402769770894E-02,  1.043566691552851E-02,  1.107923287370721E-02, -2.432179831606176E-05,  8.013477344592001E-03,  1.387490591272729E+00, -4.303008623966854E-04,
2454224.500000000, A.D. 2007-May-04 00:00:00.0000,  1.002776363480865E+00, -9.566862864082226E-01, -4.482280226716659E-02,  1.021685346035778E-02,  1.129395355404269E-02, -1.444806903790306E-05,  8.008664034387335E-03,  1.386657192445395E+00, -4.030583228449647E-04,
2454226.500000000, A.D. 2007-May-06 00:00:00.0000,  1.022987127676047E+00, -9.338874658733601E-01, -4.484180304827447E-02,  9.993095429660455E-03,  1.150409185949670E-02, -4.548922286246811E-06,  8.004166750332851E-03,  1.385878511849749E+00, -3.755850295180312E-04,
2454228.500000000, A.D. 2007-May-08 00:00:00.0000,  1.042745520283943E+00, -9.106730641321571E-01, -4.484098463729260E-02,  9.764500191842282E-03,  1.170951244611512E-02,  5.370190770379947E-06,  7.999988072879750E-03,  1.385154996277069E+00, -3.478957603149609E-04,
2454230.500000000, A.D. 2007-May-10 00:00:00.0000,  1.062041978149801E+00, -8.870526496785309E-01, -4.482031262816751E-02,  9.531179725448511E-03,  1.191008278532486E-02,  1.530375774770622E-05,  7.996130410875390E-03,  1.384487062806342E+00, -3.200054764000886E-04,
2454232.500000000, A.D. 2007-May-12 00:00:00.0000,  1.080867166676581E+00, -8.630360528272016E-01, -4.477976371701679E-02,  9.293250611182037E-03,  1.210567353940528E-02,  2.524617633279521E-05,  7.992595998698261E-03,  1.383875098308214E+00, -2.919293578185775E-04,
2454234.500000000, A.D. 2007-May-14 00:00:00.0000,  1.099211988730804E+00, -8.386333592614137E-01, -4.471932578265939E-02,  9.050833789734794E-03,  1.229615875691536E-02,  3.519183027496994E-05,  7.989386893450060E-03,  1.383319458958800E+00, -2.636828877074674E-04,
2454236.500000000, A.D. 2007-May-16 00:00:00.0000,  1.117067593331651E+00, -8.138549032034378E-01, -4.463899795631229E-02,  8.804054400326958E-03,  1.248141594005524E-02,  4.513511460182313E-05,  7.986504972375902E-03,  1.382820469793019E+00, -2.352817987562086E-04,
2454238.500000000, A.D. 2007-May-18 00:00:00.0000,  1.134425384094810E+00, -7.887112602414513E-01, -4.453879067760756E-02,  8.553041825591374E-03,  1.266132619898530E-02,  5.507035228054397E-05,  7.983951930559365E-03,  1.382378424305494E+00, -2.067419068629387E-04,
2454240.500000000, A.D. 2007-May-20 00:00:00.0000,  1.151277027425920E+00, -7.632132397730911E-01, -4.441872573994998E-02,  8.297929513954029E-03,  1.283577458200232E-02,  6.499183079404702E-05,  7.981729278785861E-03,  1.381993584080607E+00, -1.780792156016972E-04,
2454242.500000000, A.D. 2007-May-22 00:00:00.0000,  1.167614460432913E+00, -7.373718771124615E-01, -4.427883632142341E-02,  8.038854725242281E-03,  1.300465023409172E-02,  7.489386764352088E-05,  7.979838341651731E-03,  1.381666178465108E+00, -1.493099768331357E-04,
2454244.500000000, A.D. 2007-May-24 00:00:00.0000,  1.183429898524180E+00, -7.111984252647056E-01, -4.411916699192860E-02,  7.775958412559237E-03,  1.316784637599139E-02,  8.477078838065011E-05,  7.978280255813108E-03,  1.381396404264905E+00, -1.204505438730791E-04,
2454246.500000000, A.D. 2007-May-26 00:00:00.0000,  1.198715842719299E+00, -6.847043463868027E-01, -4.393977371946595E-02,  7.509385178475459E-03,  1.332526057130972E-02,  9.461688016091800E-05,  7.977055968608097E-03,  1.381184425506506E+00, -9.151731612553575E-05,
2454248.500000000, A.D. 2007-May-28 00:00:00.0000,  1.213465086618679E+00, -6.579013029398776E-01, -4.374072385604776E-02,  7.239283054069985E-03,  1.347679497755654E-02,  1.044264309735980E-04,  7.976166236844670E-03,  1.381030373227148E+00, -6.252681061791946E-05,
2454250.500000000, A.D. 2007-May-30 00:00:00.0000,  1.227670723027033E+00, -6.308011485362168E-01, -4.352209610684898E-02,  6.965803181159064E-03,  1.362235638394920E-02,  1.141938053212842E-04,  7.975611625775880E-03,  1.380934345297365E+00, -3.349571166419362E-05,
2454252.500000000, A.D. 2007-Jun-01 00:00:00.0000,  1.241326150216607E+00, -6.034159185437050E-01, -4.328398048645504E-02,  6.689099773714837E-03,  1.376185626192379E-02,  1.239133725446520E-04,  7.975392508396984E-03,  1.380896406299284E+00, -4.440688386346767E-06,
2454254.500000000, A.D. 2007-Jun-03 00:00:00.0000,  1.254425077821173E+00, -5.757578204169662E-01, -4.302647826105106E-02,  6.409329977332486E-03,  1.389521098505326E-02,  1.335794923094778E-04,  7.975509064950500E-03,  1.380916587440928E+00,  2.462162435876182E-05,
2454256.500000000, A.D. 2007-Jun-05 00:00:00.0000,  1.266961532355349E+00, -5.478392237893643E-01, -4.274970188172620E-02,  6.126653553859690E-03,  1.402234205595670E-02,  1.431865920121569E-04,  7.975961282731521E-03,  1.380994886522511E+00,  5.367449493518022E-05,
2454258.500000000, A.D. 2007-Jun-07 00:00:00.0000,  1.278929862310946E+00, -5.196726503514660E-01, -4.245377489023374E-02,  5.841232653982151E-03,  1.414317600989114E-02,  1.527291753947821E-04,  7.976748956013970E-03,  1.381131267923669E+00,  8.270117769220078E-05,
2454260.500000000, A.D. 2007-Jun-09 00:00:00.0000,  1.290324742866472E+00, -4.912707635319293E-01, -4.213883182083297E-02,  5.553231713813029E-03,  1.425764452169261E-02,  1.622017773377562E-04,  7.977871686332882E-03,  1.381325662652329E+00,  1.116850165170142E-04,
2454262.500000000, A.D. 2007-Jun-11 00:00:00.0000,  1.301141180179396E+00, -4.626463580076883E-01, -4.180501808876666E-02,  5.262817297296475E-03,  1.436568463617162E-02,  1.715989514647485E-04,  7.979328883024283E-03,  1.381577968438196E+00,  1.406094619550742E-04,
2454264.500000000, A.D. 2007-Jun-13 00:00:00.0000,  1.311374515246995E+00, -4.338123490293452E-01, -4.145248985938627E-02,  4.970157693719420E-03,  1.446723880726320E-02,  1.809153725626724E-04,  7.981119763916933E-03,  1.381888049852517E+00,  1.694579331035579E-04,
2454266.500000000, A.D. 2007-Jun-15 00:00:00.0000,  1.321020427337016E+00, -4.047817616357610E-01, -4.108141390629298E-02,  4.675422770943526E-03,  1.456225484705412E-02,  1.901458014090899E-04,  7.983243356329970E-03,  1.382255738480822E+00,  1.982139415130667E-04,
2454268.500000000, A.D. 2007-Jun-17 00:00:00.0000,  1.330074936976838E+00, -3.755677197484800E-01, -4.069196745368924E-02,  4.378783868380684E-03,  1.465068598625737E-02,  1.992850312922789E-04,  7.985698498271384E-03,  1.382680833130431E+00,  2.268612116683599E-04,
2454270.500000000, A.D. 2007-Jun-19 00:00:00.0000,  1.338534408521403E+00, -3.461834351609038E-01, -4.028433801566626E-02,  4.080413502294851E-03,  1.473249110654048E-02,  2.083279444964876E-04,  7.988483839966929E-03,  1.383163100095179E+00,  2.553835774818048E-04,
2454272.500000000, A.D. 2007-Jun-21 00:00:00.0000,  1.346395552251207E+00, -3.166421964615586E-01, -3.985872321065888E-02,  3.780485057173972E-03,  1.480763463149861E-02,  2.172695547644868E-04,  7.991597845492899E-03,  1.383702273438118E+00,  2.837649635366600E-04,
2454274.500000000, A.D. 2007-Jun-23 00:00:00.0000,  1.353655426031965E+00, -2.869573579030451E-01, -3.941533056738752E-02,  3.479172618933002E-03,  1.487608645748041E-02,  2.261049781780132E-04,  7.995038794676328E-03,  1.384298055320534E+00,  3.119894764186680E-04,
2454276.500000000, A.D. 2007-Jun-25 00:00:00.0000,  1.360311436536868E+00, -2.571423282595232E-01, -3.895437732582481E-02,  3.176650881785101E-03,  1.493782209292954E-02,  2.348293790728624E-04,  7.998804785294321E-03,  1.384950116382741E+00,  3.400415180766059E-04,
2454278.500000000, A.D. 2007-Jun-27 00:00:00.0000,  1.366361340012987E+00, -2.272105596494941E-01, -3.847609022024862E-02,  2.873094769391764E-03,  1.499282270712455E-02,  2.434380586484281E-04,  8.002893735399476E-03,  1.385658096146722E+00,  3.679056455478190E-04,
2454280.500000000, A.D. 2007-Jun-29 00:00:00.0000,  1.371803242606436E+00, -1.971755363864001E-01, -3.798070525426088E-02,  2.568679176814268E-03,  1.504107500978772E-02,  2.519264743228728E-04,  8.007303385895604E-03,  1.386421603462095E+00,  3.955665755279481E-04,
2454282.500000000, A.D. 2007-Jul-01 00:00:00.0000,  1.376635600234675E+00, -1.670507638758489E-01, -3.746846746067149E-02,  2.263578888800367E-03,  1.508257114974873E-02,  2.602901667398453E-04,  8.012031303258227E-03,  1.387240216977161E+00,  4.230093459377429E-04,
2454284.500000000, A.D. 2007-Jul-03 00:00:00.0000,  1.380857218044508E+00, -1.368497575537702E-01, -3.693963066243529E-02,  1.957968359522993E-03,  1.511730886879242E-02,  2.685247773919533E-04,  8.017074882566005E-03,  1.388113485663769E+00,  4.502193003268541E-04,
2454286.500000000, A.D. 2007-Jul-05 00:00:00.0000,  1.384467249423054E+00, -1.065860319088793E-01, -3.639445721756657E-02,  1.652021390052519E-03,  1.514529144167919E-02,  2.766261089912463E-04,  8.022431350639087E-03,  1.389040929360715E+00,  4.771820051537846E-04,
2454288.500000000, A.D. 2007-Jul-07 00:00:00.0000,  1.387465194576588E+00, -7.627308959456182E-02, -3.583321775104368E-02,  1.345910904475653E-03,  1.516652745554844E-02,  2.845901254816781E-04,  8.028097769312122E-03,  1.390022039340436E+00,  5.038832678522115E-04,
2454290.500000000, A.D. 2007-Jul-09 00:00:00.0000,  1.389850898708872E+00, -4.592441067935864E-02, -3.525619088935046E-02,  1.039808900490276E-03,  1.518103082247578E-02,  2.924128793319795E-04,  8.034071038986606E-03,  1.391056278924088E+00,  5.303092963879561E-04,
2454292.500000000, A.D. 2007-Jul-11 00:00:00.0000,  1.391624549781543E+00, -1.555344201500017E-02, -3.466366298184893E-02,  7.338861876363449E-04,  1.518882081114983E-02,  3.000905512618421E-04,  8.040347902279652E-03,  1.392143084113309E+00,  5.564466489148945E-04,
2454294.500000000, A.D. 2007-Jul-13 00:00:00.0000,  1.392786675881035E+00,  1.482641324558880E-02, -3.405592781800374E-02,  4.283120543252773E-04,  1.518992191609317E-02,  3.076195225867028E-04,  8.046924947861658E-03,  1.393281864254687E+00,  5.822821170912637E-04,
2454296.500000000, A.D. 2007-Jul-15 00:00:00.0000,  1.393338142182004E+00,  4.520180593556394E-02, -3.343328633243298E-02,  1.232541965818216E-04,  1.518436362483278E-02,  3.149963061841785E-04,  8.053798614352077E-03,  1.394472002714296E+00,  6.078028585429517E-04,
2454298.500000000, A.D. 2007-Jul-17 00:00:00.0000,  1.393280147551879E+00,  7.555945098829241E-02, -3.279604631258783E-02, -1.811214113577066E-04,  1.517218043585217E-02,  3.222175263763589E-04,  8.060965194448945E-03,  1.395712857592698E+00,  6.329964588082089E-04,
2454300.500000000, A.D. 2007-Jul-19 00:00:00.0000,  1.392614220791018E+00,  1.058861373400258E-01, -3.214452210259015E-02, -4.846507714076669E-04,  1.515341186585045E-02,  3.292799686108467E-04,  8.068420839182399E-03,  1.397003762461422E+00,  6.578508741949006E-04,
2454302.500000000, A.D. 2007-Jul-21 00:00:00.0000,  1.391342216502086E+00,  1.361687376236110E-01, -3.147903429189586E-02, -7.871721247161094E-04,  1.512810215069454E-02,  3.361806161225561E-04,  8.076161562172826E-03,  1.398344027100233E+00,  6.823543449214124E-04,
2454304.500000000, A.D. 2007-Jul-23 00:00:00.0000,  1.389466310640383E+00,  1.663942176084904E-01, -3.079990941143603E-02, -1.088525982670847E-03,  1.509630012584144E-02,  3.429165823969715E-04,  8.084183244094394E-03,  1.399732938269973E+00,  7.064955323500741E-04,
2454306.500000000, A.D. 2007-Jul-25 00:00:00.0000,  1.386988995733741E+00,  1.965496453962310E-01, -3.010747962340488E-02, -1.388555233307121E-03,  1.505805920504612E-02,  3.494850911627162E-04,  8.092481637184852E-03,  1.401169760493407E+00,  7.302635855634001E-04,
2454308.500000000, A.D. 2007-Jul-27 00:00:00.0000,  1.383913075801357E+00,  2.266222003758001E-01, -2.940208241114984E-02, -1.687105470762502E-03,  1.501343728938447E-02,  3.558835738808386E-04,  8.101052369893395E-03,  1.402653736859976E+00,  7.536479792073407E-04,
2454310.500000000, A.D. 2007-Jul-29 00:00:00.0000,  1.380241660964346E+00,  2.565991818811170E-01, -2.868406026179786E-02, -1.984025082607395E-03,  1.496249646337141E-02,  3.621096313716958E-04,  8.109890951494640E-03,  1.404184089824685E+00,  7.766385543050622E-04,
2454312.500000000, A.D. 2007-Jul-31 00:00:00.0000,  1.375978161786229E+00,  2.864680175774636E-01, -2.795376035067776E-02, -2.279165294253268E-03,  1.490530286442584E-02,  3.681609866974282E-04,  8.118992776809509E-03,  1.405760022025493E+00,  7.992256070554224E-04,
2454314.500000000, A.D. 2007-Aug-02 00:00:00.0000,  1.371126283367317E+00,  3.162162715516827E-01, -2.721153423365710E-02, -2.572380303094211E-03,  1.484192672486485E-02,  3.740355026836670E-04,  8.128353131055688E-03,  1.407380717123148E+00,  8.213999191834515E-04,
2454316.500000000, A.D. 2007-Aug-04 00:00:00.0000,  1.365690019170193E+00,  3.458316521144116E-01, -2.645773752607117E-02, -2.863527536914252E-03,  1.477244209525659E-02,  3.797312461392749E-04,  8.137967194612218E-03,  1.409045340626150E+00,  8.431526047384151E-04,
2454318.500000000, A.D. 2007-Aug-06 00:00:00.0000,  1.359673644631604E+00,  3.753020192851342E-01, -2.569272958991685E-02, -3.152467696123429E-03,  1.469692661059159E-02,  3.852464477895609E-04,  8.147830047887333E-03,  1.410753040733590E+00,  8.644751591860484E-04,
2454320.500000000, A.D. 2007-Aug-08 00:00:00.0000,  1.353081710561178E+00,  4.046153919510810E-01, -2.491687322207288E-02, -3.439064719156827E-03,  1.461546140107768E-02,  3.905794349166221E-04,  8.157936676173084E-03,  1.412502949175702E+00,  8.853596042984973E-04,
2454322.500000000, A.D. 2007-Aug-10 00:00:00.0000,  1.345919036354124E+00,  4.337599547353127E-01, -2.413053434592108E-02, -3.723186020274405E-03,  1.452813104760001E-02,  3.957287134768936E-04,  8.168281974596438E-03,  1.414294182071119E+00,  9.057983805268577E-04,
2454324.500000000, A.D. 2007-Aug-12 00:00:00.0000,  1.338190703018152E+00,  4.627240645211809E-01, -2.333408170211709E-02, -4.004702611243942E-03,  1.443502329410923E-02,  4.006929793353120E-04,  8.178860752996019E-03,  1.416125840771256E+00,  9.257842819658580E-04,
2454326.500000000, A.D. 2007-Aug-14 00:00:00.0000,  1.329902046034592E+00,  4.914962566520080E-01, -2.252788653865664E-02, -4.283489080483573E-03,  1.433622878890959E-02,  4.054710587863080E-04,  8.189667740762999E-03,  1.417997012698486E+00,  9.453105147209909E-04,
2454328.500000000, A.D. 2007-Aug-16 00:00:00.0000,  1.321058648101188E+00,  5.200652507990996E-01, -2.171232231716291E-02, -4.559423604617997E-03,  1.423184110964468E-02,  4.100618912625857E-04,  8.200697591798364E-03,  1.419906772204455E+00,  9.643708049254588E-04,
2454330.500000000, A.D. 2007-Aug-18 00:00:00.0000,  1.311666331727567E+00,  5.484199565060114E-01, -2.088776441169983E-02, -4.832388136050596E-03,  1.412195658512293E-02,  4.144645932487907E-04,  8.211944889344956E-03,  1.421854181406738E+00,  9.829592765497662E-04,
2454332.500000000, A.D. 2007-Aug-20 00:00:00.0000,  1.301731151725373E+00,  5.765494784041065E-01, -2.005458981345798E-02, -5.102268486782979E-03,  1.400667399498048E-02,  4.186784643861646E-04,  8.223404150824737E-03,  1.423838291026372E+00,  1.001070371815755E-03,
2454334.500000000, A.D. 2007-Aug-22 00:00:00.0000,  1.291259387606583E+00,  6.044431210715200E-01, -1.921317684300779E-02, -5.368954198080605E-03,  1.388609441845080E-02,  4.227028960082569E-04,  8.235069832591840E-03,  1.425858141210832E+00,  1.018699008271838E-03,
2454336.500000000, A.D. 2007-Aug-24 00:00:00.0000,  1.280257535908514E+00,  6.320903935886193E-01, -1.836390486762182E-02, -5.632338635173322E-03,  1.376032120374463E-02,  4.265374080296460E-04,  8.246936334721173E-03,  1.427912762363144E+00,  1.035840570736317E-03,
2454338.500000000, A.D. 2007-Aug-26 00:00:00.0000,  1.268732302457535E+00,  6.594810137566133E-01, -1.750715402490033E-02, -5.892319129106705E-03,  1.362945978084528E-02,  4.301817057164722E-04,  8.258998005732869E-03,  1.430001175959901E+00,  1.052490799072066E-03,
2454340.500000000, A.D. 2007-Aug-28 00:00:00.0000,  1.256690594567310E+00,  6.866049119840009E-01, -1.664330494276253E-02, -6.148796929050411E-03,  1.349361732041066E-02,  4.336356284512601E-04,  8.271249147146690E-03,  1.432122395339838E+00,  1.068645765868924E-03,
2454342.500000000, A.D. 2007-Aug-30 00:00:00.0000,  1.244139513231385E+00,  7.134522348513251E-01, -1.577273847873488E-02, -6.401677122686130E-03,  1.335290270316820E-02,  4.368991079977830E-04,  8.283684018111248E-03,  1.434275426505347E+00,  1.084302004993320E-03,
2454344.500000000, A.D. 2007-Sep-01 00:00:00.0000,  1.231086345287091E+00,  7.400133483566742E-01, -1.489583546006228E-02, -6.650868699201142E-03,  1.320742645629692E-02,  4.399722021092706E-04,  8.296296839902000E-03,  1.436459268901293E+00,  1.099456501048809E-03,
2454346.500000000, A.D. 2007-Sep-03 00:00:00.0000,  1.217538555570393E+00,  7.662788408634054E-01, -1.401297642595899E-02, -6.896284680224046E-03,  1.305730046553444E-02,  4.428551507832403E-04,  8.309081800367314E-03,  1.438672916184814E+00,  1.114106507707957E-03,
2454348.500000000, A.D. 2007-Sep-05 00:00:00.0000,  1.203503779085355E+00,  7.922395257090883E-01, -1.312454138146736E-02, -7.137841954653101E-03,  1.290263777428226E-02,  4.455482883307583E-04,  8.322033058235296E-03,  1.440915356971035E+00,  1.128249649739544E-03,
2454350.500000000, A.D. 2007-Sep-07 00:00:00.0000,  1.188989813195499E+00,  8.178864435283774E-01, -1.223090955661265E-02, -7.375461228749866E-03,  1.274355253123311E-02,  4.480520271582670E-04,  8.335144747380861E-03,  1.443185575571883E+00,  1.141883991330424E-03,
2454352.500000000, A.D. 2007-Sep-09 00:00:00.0000,  1.174004609861138E+00,  8.432108642844164E-01, -1.133245917795307E-02, -7.609067141484014E-03,  1.258015993770657E-02,  4.503669325219288E-04,  8.348410981077758E-03,  1.445482552732303E+00,  1.155007969505316E-03,
2454354.500000000, A.D. 2007-Sep-11 00:00:00.0000,  1.158556267897880E+00,  8.682042889988113E-01, -1.042956723518202E-02, -7.838588235201376E-03,  1.241257589977039E-02,  4.524937023753586E-04,  8.361825856002489E-03,  1.447805266323516E+00,  1.167620278893664E-03,
2454356.500000000, A.D. 2007-Sep-13 00:00:00.0000,  1.142653025312219E+00,  8.928584512024663E-01, -9.522609264575582E-03, -8.063956825950895E-03,  1.224091692015152E-02,  4.544331145317139E-04,  8.375383456250128E-03,  1.450152692038338E+00,  1.179719956298811E-03,
2454358.500000000, A.D. 2007-Sep-15 00:00:00.0000,  1.126303251707178E+00,  9.171653181023526E-01, -8.611959141783877E-03, -8.285108933310583E-03,  1.206530011530757E-02,  4.561860168775919E-04,  8.389077857227506E-03,  1.452523804065260E+00,  1.191306487190875E-03,
2454360.500000000, A.D. 2007-Sep-17 00:00:00.0000,  1.109515440754066E+00,  9.411170915053927E-01, -7.697988873850755E-03, -8.501984420652569E-03,  1.188584301651618E-02,  4.577534128072208E-04,  8.402903129477382E-03,  1.454917575750586E+00,  1.202379616898647E-03,
2454362.500000000, A.D. 2007-Sep-19 00:00:00.0000,  1.092298202757916E+00,  9.647062084586868E-01, -6.781068403773135E-03, -8.714526865370975E-03,  1.170266334096499E-02,  4.591364073691513E-04,  8.416853342344998E-03,  1.457332980233277E+00,  1.212939346183284E-03,
2454364.500000000, A.D. 2007-Sep-21 00:00:00.0000,  1.074660257313811E+00,  9.879253416407235E-01, -5.861565419810583E-03, -8.922683396081628E-03,  1.151587889990409E-02,  4.603361463190480E-04,  8.430922567519570E-03,  1.459768991058139E+00,  1.222986022183793E-03,
2454366.500000000, A.D. 2007-Sep-23 00:00:00.0000,  1.056610426086035E+00,  1.010767399526747E+00, -4.939845180471025E-03, -9.126404737019414E-03,  1.132560764906447E-02,  4.613538763238035E-04,  8.445104882610670E-03,  1.462224582795058E+00,  1.232520365320366E-03,
2454368.500000000, A.D. 2007-Sep-25 00:00:00.0000,  1.038157625676515E+00,  1.033225526308758E+00, -4.016270336390779E-03, -9.325645218152549E-03,  1.113196742744100E-02,  4.621909660964307E-04,  8.459394374473243E-03,  1.464698731614705E+00,  1.241543317661837E-03,
2454370.500000000, A.D. 2007-Sep-27 00:00:00.0000,  1.019310860618341E+00,  1.055293101596755E+00, -3.091200762152733E-03, -9.520362641260775E-03,  1.093507576492618E-02,  4.628488581602124E-04,  8.473785142474469E-03,  1.467190415854177E+00,  1.250056028406758E-03,
2454372.500000000, A.D. 2007-Sep-29 00:00:00.0000,  1.000079216508923E+00,  1.076963739890349E+00, -2.164993404193727E-03, -9.710518110295795E-03,  1.073504993164007E-02,  4.633290223521169E-04,  8.488271301649071E-03,  1.469698616563324E+00,  1.258060022329329E-03,
2454374.500000000, A.D. 2007-Oct-01 00:00:00.0000,  9.804718532603581E-01,  1.098231289868310E+00, -1.238002126975765E-03, -9.896076117594790E-03,  1.053200685910891E-02,  4.636330327473697E-04,  8.502846985782469E-03,  1.472222318038577E+00,  1.265557100478512E-03,
2454376.500000000, A.D. 2007-Oct-03 00:00:00.0000,  9.604979984923752E-01,  1.119089833471085E+00, -3.105775702197998E-04, -1.007700450447412E-02,  1.032606292818391E-02,  4.637625717349971E-04,  8.517506350368367E-03,  1.474760508335041E+00,  1.272549231219441E-03,
2454378.500000000, A.D. 2007-Oct-05 00:00:00.0000,  9.401669410576580E-01,  1.139533684781001E+00,  6.169329899012542E-04, -1.025327423439369E-02,  1.011733383253986E-02,  4.637193421053745E-04,  8.532243575356112E-03,  1.477312179742181E+00,  1.279038607580145E-03,
2454380.500000000, A.D. 2007-Oct-07 00:00:00.0000,  9.194880247321089E-01,  1.159557388745336E+00,  1.544185764149629E-03, -1.042485935161732E-02,  9.905934665719880E-03,  4.635050930860791E-04,  8.547052867950152E-03,  1.479876329268541E+00,  1.285027742582844E-03,
2454382.500000000, A.D. 2007-Oct-09 00:00:00.0000,  8.984706420423272E-01,  1.179155719720042E+00,  2.470840571675965E-03, -1.059173701041649E-02,  9.691979814195858E-03,  4.631216698843664E-04,  8.561928465206372E-03,  1.482451959091279E+00,  1.290519378592305E-03,
2454384.500000000, A.D. 2007-Oct-11 00:00:00.0000,  8.771242282353449E-01,  1.198323679859451E+00,  3.396560960245059E-03, -1.075388738568552E-02,  9.475582703473866E-03,  4.625709897391112E-04,  8.576864636509579E-03,  1.485038076985133E+00,  1.295516351211041E-03,
2454386.500000000, A.D. 2007-Oct-13 00:00:00.0000,  8.554582554247415E-01,  1.217056497338218E+00,  4.321014307056847E-03, -1.091129345495823E-02,  9.256855834727885E-03,  4.618549747020923E-04,  8.591855685938348E-03,  1.487633696731879E+00,  1.300021746868800E-03,
2454388.500000000, A.D. 2007-Oct-15 00:00:00.0000,  8.334822268813630E-01,  1.235349624445762E+00,  5.243871920163601E-03, -1.106394098492286E-02,  9.035910803820914E-03,  4.609755883899299E-04,  8.606895954537177E-03,  1.490237838513745E+00,  1.304038922209935E-03,
2454390.500000000, A.D. 2007-Oct-17 00:00:00.0000,  8.112056714872501E-01,  1.253198735554474E+00,  6.164809131494294E-03, -1.121181858884227E-02,  8.812858164698272E-03,  4.599348985196318E-04,  8.621979822527591E-03,  1.492849529296252E+00,  1.307571362164179E-03,
2454392.500000000, A.D. 2007-Oct-19 00:00:00.0000,  7.886381383385554E-01,  1.270599724937423E+00,  7.083505386794738E-03, -1.135491750061692E-02,  8.587807253705358E-03,  4.587349894597540E-04,  8.637101711250511E-03,  1.495467803164522E+00,  1.310622658221517E-03,
2454394.500000000, A.D. 2007-Oct-21 00:00:00.0000,  7.657891915231112E-01,  1.287548704489578E+00,  7.999644323661086E-03, -1.149323145912801E-02,  8.360866253453454E-03,  4.573779494843924E-04,  8.652256085136345E-03,  1.498091701664393E+00,  1.313196611864740E-03,
2454396.500000000, A.D. 2007-Oct-23 00:00:00.0000,  7.426684050619802E-01,  1.304042001335842E+00,  8.912913841383537E-03, -1.162675671556451E-02,  8.132142244872298E-03,  4.558659219551314E-04,  8.667437453546199E-03,  1.500720274121210E+00,  1.315297267507459E-03,
2454398.500000000, A.D. 2007-Oct-25 00:00:00.0000,  7.192853579902108E-01,  1.320076155346975E+00,  9.823006176896630E-03, -1.175549201813071E-02,  7.901740957365904E-03,  4.542011201677359E-04,  8.682640372479150E-03,  1.503352577935432E+00,  1.316928702156449E-03,
2454400.500000000, A.D. 2007-Oct-27 00:00:00.0000,  6.956496296208728E-01,  1.335647916551389E+00,  1.072961796278263E-02, -1.187943839889635E-02,  7.669766753643748E-03,  4.523857584933515E-04,  8.697859446180359E-03,  1.505987678861070E+00,  1.318095105867545E-03,
2454402.500000000, A.D. 2007-Oct-29 00:00:00.0000,  6.717707949632757E-01,  1.350754242464709E+00,  1.163245028315031E-02, -1.199859905493947E-02,  7.436322702016851E-03,  4.504220382632749E-04,  8.713089328633294E-03,  1.508624651264055E+00,  1.318800884503040E-03,
2454404.500000000, A.D. 2007-Oct-31 00:00:00.0000,  6.476584203053752E-01,  1.365392295366326E+00,  1.253120872417356E-02, -1.211297945250687E-02,  7.201510550372416E-03,  4.483122410129039E-04,  8.728324725083780E-03,  1.511262578386121E+00,  1.319050577875261E-03,
2454406.500000000, A.D. 2007-Nov-02 00:00:00.0000,  6.233220589459392E-01,  1.379559439479326E+00,  1.342560342203504E-02, -1.222258717109460E-02,  6.965430541254514E-03,  4.460586749220349E-04,  8.743560393303649E-03,  1.513900552563596E+00,  1.318848755014860E-03,
2454408.500000000, A.D. 2007-Nov-04 00:00:00.0000,  5.987712470890479E-01,  1.393253238100714E+00,  1.431534910465154E-02, -1.232743173433249E-02,  6.728181412816760E-03,  4.436636273456409E-04,  8.758791144837090E-03,  1.516537675443207E+00,  1.318200067855795E-03,
2454410.500000000, A.D. 2007-Nov-06 00:00:00.0000,  5.740154999117282E-01,  1.406471450676866E+00,  1.520016511995947E-02, -1.242752456852403E-02,  6.489860555710992E-03,  4.411293960373442E-04,  8.774011846196443E-03,  1.519173058189117E+00,  1.317109391512624E-03,
2454412.500000000, A.D. 2007-Nov-08 00:00:00.0000,  5.490643077600132E-01,  1.419212029836910E+00,  1.607977547346355E-02, -1.252287904638053E-02,  6.250563848319539E-03,  4.384583376427300E-04,  8.789217419943306E-03,  1.521805821670118E+00,  1.315581643301949E-03,
2454414.500000000, A.D. 2007-Nov-10 00:00:00.0000,  5.239271325121352E-01,  1.431473118379617E+00,  1.695390885371765E-02, -1.261351033419039E-02,  6.010385566279584E-03,  4.356528202933276E-04,  8.804402845698932E-03,  1.524435096634578E+00,  1.313621741948564E-03,
2454416.500000000, A.D. 2007-Nov-12 00:00:00.0000,  4.986134040931451E-01,  1.443253046212015E+00,  1.782229865201903E-02, -1.269943519307185E-02,  5.769418465900872E-03,  4.327151656710836E-04,  8.819563161007196E-03,  1.527060023859853E+00,  1.311234733234726E-03,
2454418.500000000, A.D. 2007-Nov-14 00:00:00.0000,  4.731325171399952E-01,  1.454550327288590E+00,  1.868468297965414E-02, -1.278067206083763E-02,  5.527753852944278E-03,  4.296477333070582E-04,  8.834693462288339E-03,  1.529679754317427E+00,  1.308425805549614E-03,
2454420.500000000, A.D. 2007-Nov-16 00:00:00.0000,  4.474938278078793E-01,  1.465363656506445E+00,  1.954080468189583E-02, -1.285724100774886E-02,  5.285481447119288E-03,  4.264529237453921E-04,  8.849788905603149E-03,  1.532293449305224E+00,  1.305200162760910E-03,
2454422.500000000, A.D. 2007-Nov-18 00:00:00.0000,  4.217066507126406E-01,  1.475691906582144E+00,  2.039041135214917E-02, -1.292916354732736E-02,  5.042689298180268E-03,  4.231331093502556E-04,  8.864844707338303E-03,  1.534900280566273E+00,  1.301562982380167E-03,
2454424.500000000, A.D. 2007-Nov-20 00:00:00.0000,  3.957802560388142E-01,  1.485534124919918E+00,  2.123325533005687E-02, -1.299646254616826E-02,  4.799463973916772E-03,  4.196906376711652E-04,  8.879856144892943E-03,  1.537499430407584E+00,  1.297519595435718E-03,
2454426.500000000, A.D. 2007-Nov-22 00:00:00.0000,  3.697238667642288E-01,  1.494889530473115E+00,  2.206909370705547E-02, -1.305916227478610E-02,  4.555890529258823E-03,  4.161278886643621E-04,  8.894818557273650E-03,  1.540090091803162E+00,  1.293075422797247E-03,
2454428.500000000, A.D. 2007-Nov-24 00:00:00.0000,  3.435466560216625E-01,  1.503757510607281E+00,  2.289768832805194E-02, -1.311728836022538E-02,  4.312052358218799E-03,  4.124472710392090E-04,  8.909727345665952E-03,  1.542671468492965E+00,  1.288235828060967E-03,
2454430.500000000, A.D. 2007-Nov-26 00:00:00.0000,  3.172577445993445E-01,  1.512137617939415E+00,  2.371880578417802E-02, -1.317086754954887E-02,  4.068031250583692E-03,  4.086511373460519E-04,  8.924577973820640E-03,  1.545242775049791E+00,  1.283006205073804E-03,
2454432.500000000, A.D. 2007-Nov-28 00:00:00.0000,  2.908661985684836E-01,  1.520029567208718E+00,  2.453221740555147E-02, -1.321992772158237E-02,  3.823907507067506E-03,  4.047418297748630E-04,  8.939365968530040E-03,  1.547803236961739E+00,  1.277392060330237E-03,
2454434.500000000, A.D. 2007-Nov-30 00:00:00.0000,  2.643810270392611E-01,  1.527433232150005E+00,  2.533769924911184E-02, -1.326449794189363E-02,  3.579759908474474E-03,  4.007217361940107E-04,  8.954086920019377E-03,  1.550352090699975E+00,  1.271398953142628E-03,
2454436.500000000, A.D. 2007-Dec-02 00:00:00.0000,  2.378111800204795E-01,  1.534348642368288E+00,  2.613503209224408E-02, -1.330460830400510E-02,  3.335665555333769E-03,  3.965932244933865E-04,  8.968736482204575E-03,  1.552888583763369E+00,  1.265032348698336E-03,
2454438.500000000, A.D. 2007-Dec-04 00:00:00.0000,  2.111655464234459E-01,  1.540775980237164E+00,  2.692400141157420E-02, -1.334028980395066E-02,  3.091700021163201E-03,  3.923586188441089E-04,  8.983310372972352E-03,  1.555411974726991E+00,  1.258297763304642E-03,
2454440.500000000, A.D. 2007-Dec-06 00:00:00.0000,  1.844529521716076E-01,  1.546715577812646E+00,  2.770439736393005E-02, -1.337157434805495E-02,  2.847937447608921E-03,  3.880202386695412E-04,  8.997804374378533E-03,  1.557921533276444E+00,  1.251200831629617E-03,
2454442.500000000, A.D. 2007-Dec-08 00:00:00.0000,  1.576821584128644E-01,  1.552167913784865E+00,  2.847601477127486E-02, -1.339849481569487E-02,  2.604450399592445E-03,  3.835804449970552E-04,  9.012214332884841E-03,  1.560416540248870E+00,  1.243747136503308E-03,
2454444.500000000, A.D. 2007-Dec-10 00:00:00.0000,  1.308618598513303E-01,  1.557133610427014E+00,  2.923865309573925E-02, -1.342108484085069E-02,  2.361309863182098E-03,  3.790415540824053E-04,  9.026536159401820E-03,  1.562896287640376E+00,  1.235942211189513E-03,
2454446.500000000, A.D. 2007-Dec-12 00:00:00.0000,  1.040006831803439E-01,  1.561613430587211E+00,  2.999211641604215E-02, -1.343937873824046E-02,  2.118585359375803E-03,  3.744058330334599E-04,  9.040765829373593E-03,  1.565360078620714E+00,  1.227791631031597E-03,
2454448.500000000, A.D. 2007-Dec-14 00:00:00.0000,  7.710718562815383E-02,  1.565608274719436E+00,  3.073621339739856E-02, -1.345341160198825E-02,  1.876345029384281E-03,  3.696755808811522E-04,  9.054899382877115E-03,  1.567807227550464E+00,  1.219301067411672E-03,
2454450.500000000, A.D. 2007-Dec-16 00:00:00.0000,  5.018985357911909E-02,  1.569119177929437E+00,  3.147075726999653E-02, -1.346321922590817E-02,  1.634655450901225E-03,  3.648530952740806E-04,  9.068932924573479E-03,  1.570237059972599E+00,  1.210476091360266E-03,
2454452.500000000, A.D. 2007-Dec-18 00:00:00.0000,  2.325710130757726E-02,  1.572147307062942E+00,  3.219556579769779E-02, -1.346883796189423E-02,  1.393581703433463E-03,  3.599406271452413E-04,  9.082862623675352E-03,  1.572648912606856E+00,  1.201322221539476E-03,
2454454.500000000, A.D. 2007-Dec-20 00:00:00.0000, -3.682730191756146E-03,  1.574693957821638E+00,  3.291046124206095E-02, -1.347030466509256E-02,  1.153187542805307E-03,  3.549403879947152E-04,  9.096684713825872E-03,  1.575042133328758E+00,  1.191845072415915E-03,
2454456.500000000, A.D. 2007-Dec-22 00:00:00.0000, -3.062137430189623E-02,  1.576760551937833E+00,  3.361527033537112E-02, -1.346765681884133E-02,  9.135353236117360E-04,  3.498546268195976E-04,  9.110395493059536E-03,  1.577416081162848E+00,  1.182050253967266E-03,
2454458.500000000, A.D. 2007-Dec-24 00:00:00.0000, -5.755063978638517E-02,  1.578348634367148E+00,  3.430982424537395E-02, -1.346093239963923E-02,  6.746859308248719E-04,  3.446855748656437E-04,  9.123991323606598E-03,  1.579770126248820E+00,  1.171943284656490E-03,
2454460.500000000, A.D. 2007-Dec-26 00:00:00.0000, -8.446241171599374E-02,  1.579459870520638E+00,  3.499395854153839E-02, -1.345016972594548E-02,  4.366988572385509E-04,  3.394353929604050E-04,  9.137468631656705E-03,  1.582103649800594E+00,  1.161529639258286E-03,
2454462.500000000, A.D. 2007-Dec-28 00:00:00.0000, -1.113486523021346E-01,  1.580096043559689E+00,  3.566751315441653E-02, -1.343540754247674E-02,  1.996323655977922E-04,  3.341062451596829E-04,  9.150823907205081E-03,  1.584416044079680E+00,  1.150814888387207E-03,
2454464.500000000, A.D. 2007-Dec-30 00:00:00.0000, -1.382014016745788E-01,  1.580259051717193E+00,  3.633033234241021E-02, -1.341668503337373E-02, -3.645663740873948E-05,  3.287003113824159E-04,  9.164053703774270E-03,  1.586706712347008E+00,  1.139804554716169E-03,
