  1   -0.000010  359.770808  179.999450  -89.999995  -81.230294  -85.232948    6.816659 1
  2   -0.000004  359.911052  179.930765  -86.200674  -72.664018  -79.309132    3.503605 1
  3   -0.009044  359.988896   51.979563  -86.200674  -72.664018  -79.309132    3.552131 1
  4   31.425820  148.471901   89.930760  -86.200674  -72.664018  -79.309132    6.102089 1
  5   76.425817  193.471898  134.930758  -86.200674  -72.664018  -79.309132    8.500023 1
  6  121.425815  238.471896  179.930755  -86.200674  -72.664018  -79.309132   10.633247 1
  7  166.425812  283.471893  224.930753  -86.200674  -72.664018  -79.309132    8.793888 1
  8  211.425810  328.471891  269.930750  -86.200674  -72.664018  -79.309132    7.591609 1
  9   -0.008195  359.989555  308.011548  -86.200674  -72.664018  -79.309132    5.995557 1
 10   -0.000002  359.943758  179.963704  -76.200674  -63.104663  -69.672324    0.988342 1
 11    1.550910   50.362682   25.963702  -76.200674  -63.104663  -69.672324    1.027554 0
 12   27.550909   76.362681   51.963701  -76.200674  -63.104663  -69.672324    1.887952 0
 13   53.550907  102.362680   77.963699  -76.200674  -63.104663  -69.672324    5.075317 1
 14   79.550906  128.362678  103.963698  -76.200674  -63.104663  -69.672324    6.548050 1
 15  105.550905  154.362677  129.963696  -76.200674  -63.104663  -69.672324    8.500259 1
 16  131.550903  180.362675  155.963695  -76.200674  -63.104663  -69.672324   12.904449 1
 17  157.550902  206.362674  181.963694  -76.200674  -63.104663  -69.672324   21.464111 1
 18  183.550900  232.362672  207.963692  -76.200674  -63.104663  -69.672324   24.140564 1
 19  209.550899  258.362671  233.963691  -76.200674  -63.104663  -69.672324   11.828957 1
 20  235.550897  284.362670  259.963689  -76.200674  -63.104663  -69.672324    7.098730 1
 21  261.550896  310.362668  285.963688  -76.200674  -63.104663  -69.672324    4.439471 1
 22  287.550895  336.362667  311.963686  -76.200674  -63.104663  -69.672324    2.571232 1
 23   -0.009401  359.988358  336.513605  -76.200674  -63.104663  -69.672324    1.119475 1
 24   -0.000002  359.957944  179.975119  -66.200675  -53.321218  -59.790631    0.313255 0
 25    3.957862   33.984682   18.975118  -66.200675  -53.321218  -59.790631    0.701788 0
 26   22.957861   52.984681   37.975117  -66.200675  -53.321218  -59.790631    0.980358 0
 27   41.957860   71.984680   56.975116  -66.200675  -53.321218  -59.790631    0.887419 1
 28   60.957859   90.984679   75.975115  -66.200675  -53.321218  -59.790631    1.443758 1
 29   79.957858  109.984678   94.975114  -66.200675  -53.321218  -59.790631    3.519767 1
 30   98.957857  128.984677  113.975113  -66.200675  -53.321218  -59.790631    9.846210 0
 31  117.957856  147.984676  132.975111  -66.200675  -53.321218  -59.790631   15.603989 0
 32  136.957855  166.984675  151.975110  -66.200675  -53.321218  -59.790631   57.484375 1
 33  155.957854  185.984674  170.975109  -66.200675  -53.321218  -59.790631   72.312500 1
 34  174.957853  204.984673  189.975108  -66.200675  -53.321218  -59.790631   84.067871 1
 35  193.957852  223.984672  208.975107  -66.200675  -53.321218  -59.790631  111.628418 1
 36  212.957851  242.984671  227.975106  -66.200675  -53.321218  -59.790631  109.056641 1
 37  231.957850  261.984670  246.975105  -66.200675  -53.321218  -59.790631   34.495117 1
 38  250.957849  280.984669  265.975104  -66.200675  -53.321218  -59.790631    9.455027 1
 39  269.957848  299.984668  284.975103  -66.200675  -53.321218  -59.790631    4.437781 1
 40  288.957847  318.984667  303.975102  -66.200675  -53.321218  -59.790631    3.342247 1
 41  307.957846  337.984666  322.975101  -66.200675  -53.321218  -59.790631    1.593153 1
 42  326.957844  356.984665  341.975100  -66.200675  -53.321218  -59.790631    0.538985 1
 43   -0.000001  359.965580  179.980637  -56.200675  -43.455515  -49.852499    0.046595 0
 44    3.968851   25.988102   14.980637  -56.200675  -43.455515  -49.852499    0.101518 0
 45   18.968850   40.988101   29.980636  -56.200675  -43.455515  -49.852499    0.566296 1
 46   33.968849   55.988100   44.980635  -56.200675  -43.455515  -49.852499    0.486325 1
 47   48.968849   70.988099   59.980634  -56.200675  -43.455515  -49.852499    0.136737 1
 48   63.968848   85.988099   74.980633  -56.200675  -43.455515  -49.852499    0.226844 1
 49   78.968847  100.988098   89.980633  -56.200675  -43.455515  -49.852499    2.601363 1
 50   93.968846  115.988097  104.980632  -56.200675  -43.455515  -49.852499    6.423052 1
 51  108.968845  130.988096  119.980631  -56.200675  -43.455515  -49.852499   23.988148 0
 52  123.968845  145.988095  134.980630  -56.200675  -43.455515  -49.852499   55.262695 0
 53  138.968844  160.988094  149.980629  -56.200675  -43.455515  -49.852499   26.267090 1
 54  153.968843  175.988094  164.980628  -56.200675  -43.455515  -49.852499   16.560577 1
 55  168.968842  190.988093  179.980628  -56.200675  -43.455515  -49.852499   13.064812 1
 56  183.968841  205.988092  194.980627  -56.200675  -43.455515  -49.852499   17.839813 1
 57  198.968840  220.988091  209.980626  -56.200675  -43.455515  -49.852499   23.637617 1
 58  213.968840  235.988090  224.980625  -56.200675  -43.455515  -49.852499   42.677734 1
 59  228.968839  250.988089  239.980624  -56.200675  -43.455515  -49.852499  160.225586 1
 60  243.968838  265.988089  254.980623  -56.200675  -43.455515  -49.852499   80.827637 1
 61  258.968837  280.988088  269.980623  -56.200675  -43.455515  -49.852499   15.620502 1
 62  273.968836  295.988087  284.980622  -56.200675  -43.455515  -49.852499    4.952072 1
 63  288.968835  310.988086  299.980621  -56.200675  -43.455515  -49.852499    3.217602 1
 64  303.968835  325.988085  314.980620  -56.200675  -43.455515  -49.852499    1.788201 1
 65  318.968834  340.988085  329.980619  -56.200675  -43.455515  -49.852499    0.427752 1
 66  333.968833  355.988084  344.980619  -56.200675  -43.455515  -49.852499    0.044439 1
 67   -0.000001  359.970100  179.983750  -46.200676  -33.551568  -39.892606   -0.007587 0
 68    4.095193   21.869757   12.983750  -46.200676  -33.551568  -39.892606    0.008645 0
 69   17.095192   34.869756   25.983749  -46.200676  -33.551568  -39.892606    0.225421 1
 70   30.095191   47.869756   38.983748  -46.200676  -33.551568  -39.892606    0.371732 1
 71   43.095190   60.869755   51.983747  -46.200676  -33.551568  -39.892606    0.201099 1
 72   56.095190   73.869754   64.983747  -46.200676  -33.551568  -39.892606    0.168826 1
 73   69.095189   86.869753   77.983746  -46.200676  -33.551568  -39.892606    0.480129 1
 74   82.095188   99.869753   90.983745  -46.200676  -33.551568  -39.892606    2.381164 1
 75   95.095188  112.869752  103.983745  -46.200676  -33.551568  -39.892606    8.617363 1
 76  108.095187  125.869751  116.983744  -46.200676  -33.551568  -39.892606   24.598969 1
 77  121.095186  138.869751  129.983743  -46.200676  -33.551568  -39.892606   42.305664 0
 78  134.095185  151.869750  142.983742  -46.200676  -33.551568  -39.892606   14.972656 0
 79  147.095185  164.869749  155.983742  -46.200676  -33.551568  -39.892606    7.171209 1
 80  160.095184  177.869748  168.983741  -46.200676  -33.551568  -39.892606    7.168458 1
 81  173.095183  190.869748  181.983740  -46.200676  -33.551568  -39.892606    7.333188 1
 82  186.095183  203.869747  194.983740  -46.200676  -33.551568  -39.892606    7.549057 1
 83  199.095182  216.869746  207.983739  -46.200676  -33.551568  -39.892606    8.309746 1
 84  212.095181  229.869746  220.983738  -46.200676  -33.551568  -39.892606   11.799615 1
 85  225.095180  242.869745  233.983737  -46.200676  -33.551568  -39.892606   28.468979 0
 86  238.095180  255.869744  246.983737  -46.200676  -33.551568  -39.892606   88.768555 0
 87  251.095179  268.869743  259.983736  -46.200676  -33.551568  -39.892606  181.509766 0
 88  264.095178  281.869743  272.983735  -46.200676  -33.551568  -39.892606   24.607880 0
 89  277.095178  294.869742  285.983735  -46.200676  -33.551568  -39.892606    8.518005 0
 90  290.095177  307.869741  298.983734  -46.200676  -33.551568  -39.892606    5.270435 0
 91  303.095176  320.869741  311.983733  -46.200676  -33.551568  -39.892606    2.913127 1
 92  316.095175  333.869740  324.983732  -46.200676  -33.551568  -39.892606    1.075620 1
 93  329.095175  346.869739  337.983732  -46.200676  -33.551568  -39.892606    0.374584 1
 94  342.095174  359.869738  350.983731  -46.200676  -33.551568  -39.892606    0.182486 0
 95   -0.000001  359.972842  179.985625  -36.200677  -23.627591  -29.922279    0.238668 0
 96    3.845989   19.123757   11.485624  -36.200677  -23.627591  -29.922279    0.366577 1
 97   15.345988   30.623756   22.985624  -36.200677  -23.627591  -29.922279    0.272154 1
 98   26.845988   42.123756   34.485623  -36.200677  -23.627591  -29.922279    0.244246 1
 99   38.345987   53.623755   45.985623  -36.200677  -23.627591  -29.922279    0.326778 1
100   49.845987   65.123754   57.485622  -36.200677  -23.627591  -29.922279    0.171915 1
101   61.345986   76.623754   68.985621  -36.200677  -23.627591  -29.922279    0.644129 1
102   72.845985   88.123753   80.485621  -36.200677  -23.627591  -29.922279    0.452622 1
103   84.345985   99.623752   91.985620  -36.200677  -23.627591  -29.922279    1.595293 1
104   95.845984  111.123752  103.485619  -36.200677  -23.627591  -29.922279    8.178452 1
105  107.345983  122.623751  114.985619  -36.200677  -23.627591  -29.922279   18.210815 1
106  118.845983  134.123751  126.485618  -36.200677  -23.627591  -29.922279   12.408752 1
107  130.345982  145.623750  137.985618  -36.200677  -23.627591  -29.922279    9.830317 0
108  141.845981  157.123749  149.485617  -36.200677  -23.627591  -29.922279    5.281503 0
109  153.345981  168.623749  160.985616  -36.200677  -23.627591  -29.922279    4.038976 1
110  164.845980  180.123748  172.485616  -36.200677  -23.627591  -29.922279    4.204882 1
111  176.345980  191.623747  183.985615  -36.200677  -23.627591  -29.922279    5.581927 1
112  187.845979  203.123747  195.485614  -36.200677  -23.627591  -29.922279    5.669067 0
113  199.345978  214.623746  206.985614  -36.200677  -23.627591  -29.922279    5.720779 0
114  210.845978  226.123746  218.485613  -36.200677  -23.627591  -29.922279    8.141282 0
115  222.345977  237.623745  229.985612  -36.200677  -23.627591  -29.922279   17.312670 0
116  233.845976  249.123744  241.485612  -36.200677  -23.627591  -29.922279   37.202515 0
117  245.345976  260.623744  252.985611  -36.200677  -23.627591  -29.922279   59.087891 0
118  256.845975  272.123743  264.485611  -36.200677  -23.627591  -29.922279  198.474609 0
119  268.345975  283.623742  275.985610  -36.200677  -23.627591  -29.922279   40.772461 0
120  279.845974  295.123742  287.485609  -36.200677  -23.627591  -29.922279   10.348770 0
121  291.345973  306.623741  298.985609  -36.200677  -23.627591  -29.922279    8.324963 0
122  302.845973  318.123740  310.485608  -36.200677  -23.627591  -29.922279    5.244154 0
123  314.345972  329.623740  321.985607  -36.200677  -23.627591  -29.922279    3.669190 0
124  325.845971  341.123739  333.485607  -36.200677  -23.627591  -29.922279    1.227634 0
125  337.345971  352.623739  344.985606  -36.200677  -23.627591  -29.922279    0.694396 0
126   -0.009977  359.989994  264.010246  -36.200677  -23.627591  -29.922279    0.316647 0
127   -0.000001  359.974410  179.986751  -26.200677  -13.692764  -19.946426    0.937070 0
128    3.608476   17.364223   10.486751  -26.200677  -13.692764  -19.946426    0.716095 1
129   14.108475   27.864222   20.986750  -26.200677  -13.692764  -19.946426    0.368829 1
130   24.608474   38.364222   31.486750  -26.200677  -13.692764  -19.946426    0.440403 1
131   35.108474   48.864221   41.986749  -26.200677  -13.692764  -19.946426    0.912205 1
132   45.608473   59.364221   52.486748  -26.200677  -13.692764  -19.946426    1.637652 1
133   56.108473   69.864220   62.986748  -26.200677  -13.692764  -19.946426    1.557358 1
134   66.608472   80.364220   73.486747  -26.200677  -13.692764  -19.946426    1.617593 1
135   77.108472   90.864219   83.986747  -26.200677  -13.692764  -19.946426    2.389176 1
136   87.608471  101.364218   94.486746  -26.200677  -13.692764  -19.946426    6.178480 1
137   98.108470  111.864218  104.986746  -26.200677  -13.692764  -19.946426   16.819443 1
138  108.608470  122.364217  115.486745  -26.200677  -13.692764  -19.946426   16.488525 1
139  119.108469  132.864217  125.986744  -26.200677  -13.692764  -19.946426    5.824735 1
140  129.608469  143.364216  136.486744  -26.200677  -13.692764  -19.946426    5.484633 1
141  140.108468  153.864215  146.986743  -26.200677  -13.692764  -19.946426    2.941610 0
142  150.608467  164.364215  157.486743  -26.200677  -13.692764  -19.946426    3.576885 0
143  161.108467  174.864214  167.986742  -26.200677  -13.692764  -19.946426    2.852409 1
144  171.608466  185.364214  178.486741  -26.200677  -13.692764  -19.946426    3.507370 0
145  182.108466  195.864213  188.986741  -26.200677  -13.692764  -19.946426    5.374803 0
146  192.608465  206.364213  199.486740  -26.200677  -13.692764  -19.946426    7.423266 0
147  203.108465  216.864212  209.986740  -26.200677  -13.692764  -19.946426    7.585717 0
148  213.608464  227.364211  220.486739  -26.200677  -13.692764  -19.946426    8.765875 0
149  224.108463  237.864211  230.986739  -26.200677  -13.692764  -19.946426   12.404949 0
150  234.608463  248.364210  241.486738  -26.200677  -13.692764  -19.946426   32.876709 0
151  245.108462  258.864210  251.986737  -26.200677  -13.692764  -19.946426   36.722656 0
152  255.608462  269.364209  262.486737  -26.200677  -13.692764  -19.946426   55.813232 0
153  266.108461  279.864209  272.986736  -26.200677  -13.692764  -19.946426  192.063477 0
154  276.608461  290.364208  283.486736  -26.200677  -13.692764  -19.946426   26.010361 0
155  287.108460  300.864207  293.986735  -26.200677  -13.692764  -19.946426   10.491159 0
156  297.608459  311.364207  304.486735  -26.200677  -13.692764  -19.946426    6.294311 0
157  308.108459  321.864206  314.986734  -26.200677  -13.692764  -19.946426    4.473596 0
158  318.608458  332.364206  325.486733  -26.200677  -13.692764  -19.946426    3.517572 0
159  329.108458  342.864205  335.986733  -26.200677  -13.692764  -19.946426    2.612925 0
160  339.608457  353.364205  346.486732  -26.200677  -13.692764  -19.946426    1.840934 0
161   -0.009785  359.989823  258.346732  -26.200677  -13.692764  -19.946426    1.089977 0
162   -0.000001  359.975092  179.987358  -16.200678   -3.752584   -9.967643    2.465697 0
163    3.556926   16.417518    9.987357  -16.200678   -3.752584   -9.967643    2.530406 0
164   13.556926   26.417517   19.987357  -16.200678   -3.752584   -9.967643    1.776798 0
165   23.556925   36.417517   29.987356  -16.200678   -3.752584   -9.967643    1.143960 0
166   33.556925   46.417516   39.987355  -16.200678   -3.752584   -9.967643    1.675850 1
167   43.556924   56.417516   49.987355  -16.200678   -3.752584   -9.967643    3.378278 1
168   53.556924   66.417515   59.987354  -16.200678   -3.752584   -9.967643    2.941606 1
169   63.556923   76.417514   69.987354  -16.200678   -3.752584   -9.967643    3.701078 1
170   73.556923   86.417514   79.987353  -16.200678   -3.752584   -9.967643   11.847656 1
171   83.556922   96.417513   89.987353  -16.200678   -3.752584   -9.967643   18.028320 1
172   93.556921  106.417513   99.987352  -16.200678   -3.752584   -9.967643   20.229858 1
173  103.556921  116.417512  109.987352  -16.200678   -3.752584   -9.967643   16.973267 1
174  113.556920  126.417512  119.987351  -16.200678   -3.752584   -9.967643    4.209946 1
175  123.556920  136.417511  129.987351  -16.200678   -3.752584   -9.967643    1.916427 1
176  133.556919  146.417511  139.987350  -16.200678   -3.752584   -9.967643    2.055558 1
177  143.556919  156.417510  149.987349  -16.200678   -3.752584   -9.967643    2.235440 0
178  153.556918  166.417510  159.987349  -16.200678   -3.752584   -9.967643    2.946081 0
179  163.556918  176.417509  169.987348  -16.200678   -3.752584   -9.967643    3.241716 0
180  173.556917  186.417508  179.987348  -16.200678   -3.752584   -9.967643    3.742215 0
181  183.556917  196.417508  189.987347  -16.200678   -3.752584   -9.967643    4.416559 0
182  193.556916  206.417507  199.987347  -16.200678   -3.752584   -9.967643    5.196712 0
183  203.556915  216.417507  209.987346  -16.200678   -3.752584   -9.967643    5.728027 0
184  213.556915  226.417506  219.987346  -16.200678   -3.752584   -9.967643    6.523530 0
185  223.556914  236.417506  229.987345  -16.200678   -3.752584   -9.967643    8.816795 0
186  233.556914  246.417505  239.987344  -16.200678   -3.752584   -9.967643   16.458637 0
187  243.556913  256.417505  249.987344  -16.200678   -3.752584   -9.967643   25.673035 0
188  253.556913  266.417504  259.987343  -16.200678   -3.752584   -9.967643   27.880478 0
189  263.556912  276.417503  269.987343  -16.200678   -3.752584   -9.967643   71.474609 0
190  273.556912  286.417503  279.987342  -16.200678   -3.752584   -9.967643  133.560547 0
191  283.556911  296.417502  289.987342  -16.200678   -3.752584   -9.967643   21.402191 0
192  293.556910  306.417502  299.987341  -16.200678   -3.752584   -9.967643   10.149623 0
193  303.556910  316.417501  309.987341  -16.200678   -3.752584   -9.967643    4.602185 0
194  313.556909  326.417501  319.987340  -16.200678   -3.752584   -9.967643    4.602306 0
195  323.556909  336.417500  329.987340  -16.200678   -3.752584   -9.967643    3.706383 0
196  333.556908  346.417500  339.987339  -16.200678   -3.752584   -9.967643    3.894531 0
197  343.556908  356.417499  349.987338  -16.200678   -3.752584   -9.967643    2.499500 0
198   -0.000001  359.975001  179.987549   -6.200678    6.225385    0.012426    2.974685 0
199    3.774613   16.200679    9.987549   -6.200678    6.225385    0.012426    2.957425 0
200   13.774613   26.200678   19.987548   -6.200678    6.225385    0.012426    2.879978 0
201   23.774612   36.200678   29.987548   -6.200678    6.225385    0.012426    2.396858 0
202   33.774611   46.200677   39.987547   -6.200678    6.225385    0.012426    3.429283 0
203   43.774611   56.200676   49.987546   -6.200678    6.225385    0.012426    5.407603 0
204   53.774610   66.200676   59.987546   -6.200678    6.225385    0.012426    8.081938 0
205   63.774610   76.200675   69.987545   -6.200678    6.225385    0.012426    4.736916 1
206   73.774609   86.200675   79.987545   -6.200678    6.225385    0.012426   15.501953 1
207   83.774609   96.200674   89.987544   -6.200678    6.225385    0.012426   27.777344 1
208   93.774608  106.200674   99.987544   -6.200678    6.225385    0.012426   24.541168 1
209  103.774608  116.200673  109.987543   -6.200678    6.225385    0.012426    7.120834 1
210  113.774607  126.200673  119.987543   -6.200678    6.225385    0.012426    2.026597 0
211  123.774606  136.200672  129.987542   -6.200678    6.225385    0.012426    1.606881 0
212  133.774606  146.200672  139.987542   -6.200678    6.225385    0.012426    2.393645 0
213  143.774605  156.200671  149.987541   -6.200678    6.225385    0.012426    2.682729 0
214  153.774605  166.200670  159.987540   -6.200678    6.225385    0.012426    3.347994 0
215  163.774604  176.200670  169.987540   -6.200678    6.225385    0.012426    3.810440 0
216  173.774604  186.200669  179.987539   -6.200678    6.225385    0.012426    2.939075 0
217  183.774603  196.200669  189.987539   -6.200678    6.225385    0.012426    2.817661 0
218  193.774603  206.200668  199.987538   -6.200678    6.225385    0.012426    2.906908 0
219  203.774602  216.200668  209.987538   -6.200678    6.225385    0.012426    3.046237 0
220  213.774602  226.200667  219.987537   -6.200678    6.225385    0.012426    2.865595 0
221  223.774601  236.200667  229.987537   -6.200678    6.225385    0.012426    3.949792 0
222  233.774600  246.200666  239.987536   -6.200678    6.225385    0.012426    5.896596 0
223  243.774600  256.200665  249.987536   -6.200678    6.225385    0.012426    6.981989 1
224  253.774599  266.200665  259.987535   -6.200678    6.225385    0.012426   12.471556 1
225  263.774599  276.200664  269.987534   -6.200678    6.225385    0.012426   27.321686 1
226  273.774598  286.200664  279.987534   -6.200678    6.225385    0.012426  141.009766 1
227  283.774598  296.200663  289.987533   -6.200678    6.225385    0.012426   41.255859 1
228  293.774597  306.200663  299.987533   -6.200678    6.225385    0.012426   10.821745 0
229  303.774597  316.200662  309.987532   -6.200678    6.225385    0.012426    5.617275 0
230  313.774596  326.200662  319.987532   -6.200678    6.225385    0.012426    4.208622 0
231  323.774595  336.200661  329.987531   -6.200678    6.225385    0.012426    4.230141 0
232  333.774595  346.200661  339.987531   -6.200678    6.225385    0.012426    4.334893 0
233  343.774594  356.200660  349.987530   -6.200678    6.225385    0.012426    3.494270 0
234   -0.000001  359.975093  179.987357    3.777143   16.225385    9.992494    4.059848 0
235    3.556423   16.418015    9.987356    3.777143   16.225385    9.992494    3.768230 0
236   13.556423   26.418014   19.987356    3.777143   16.225385    9.992494    3.587826 0
237   23.556422   36.418014   29.987355    3.777143   16.225385    9.992494    4.708078 0
238   33.556421   46.418013   39.987354    3.777143   16.225385    9.992494    7.526034 0
239   43.556421   56.418013   49.987354    3.777143   16.225385    9.992494   11.926117 0
240   53.556420   66.418012   59.987353    3.777143   16.225385    9.992494   14.395103 0
241   63.556420   76.418012   69.987353    3.777143   16.225385    9.992494   14.950386 0
242   73.556419   86.418011   79.987352    3.777143   16.225385    9.992494   23.841614 0
243   83.556419   96.418010   89.987352    3.777143   16.225385    9.992494   24.799683 0
244   93.556418  106.418010   99.987351    3.777143   16.225385    9.992494   20.991028 0
245  103.556418  116.418009  109.987351    3.777143   16.225385    9.992494    4.891468 0
246  113.556417  126.418009  119.987350    3.777143   16.225385    9.992494    2.321772 0
247  123.556416  136.418008  129.987350    3.777143   16.225385    9.992494    2.827631 0
248  133.556416  146.418008  139.987349    3.777143   16.225385    9.992494    3.441376 0
249  143.556415  156.418007  149.987348    3.777143   16.225385    9.992494    3.363861 0
250  153.556415  166.418007  159.987348    3.777143   16.225385    9.992494    2.887735 0
251  163.556414  176.418006  169.987347    3.777143   16.225385    9.992494    3.041384 0
252  173.556414  186.418006  179.987347    3.777143   16.225385    9.992494    2.334063 0
253  183.556413  196.418005  189.987346    3.777143   16.225385    9.992494    2.183689 0
254  193.556413  206.418004  199.987346    3.777143   16.225385    9.992494    1.763812 0
255  203.556412  216.418004  209.987345    3.777143   16.225385    9.992494    1.126985 0
256  213.556412  226.418003  219.987345    3.777143   16.225385    9.992494    0.998192 1
257  223.556411  236.418003  229.987344    3.777143   16.225385    9.992494    1.878621 1
258  233.556410  246.418002  239.987344    3.777143   16.225385    9.992494    2.841684 1
259  243.556410  256.418002  249.987343    3.777143   16.225385    9.992494    4.813838 1
260  253.556409  266.418001  259.987342    3.777143   16.225385    9.992494    7.480195 1
261  263.556409  276.418001  269.987342    3.777143   16.225385    9.992494   13.378678 1
262  273.556408  286.418000  279.987341    3.777143   16.225385    9.992494   41.707031 1
263  283.556408  296.417999  289.987341    3.777143   16.225385    9.992494   84.199219 1
264  293.556407  306.417999  299.987340    3.777143   16.225385    9.992494   13.213619 1
265  303.556407  316.417998  309.987340    3.777143   16.225385    9.992494    5.899026 1
266  313.556406  326.417998  319.987339    3.777143   16.225385    9.992494    4.508850 1
267  323.556406  336.417997  329.987339    3.777143   16.225385    9.992494    3.899515 0
268  333.556405  346.417997  339.987338    3.777143   16.225385    9.992494    3.957313 0
269  343.556404  356.417996  349.987337    3.777143   16.225385    9.992494    3.825581 0
270   -0.000001  359.974409  179.986749   13.717309   26.225384   19.971273    2.572033 0
271    3.607345   17.365345   10.486749   13.717309   26.225384   19.971273    2.558281 0
272   14.107344   27.865344   20.986748   13.717309   26.225384   19.971273    3.850821 0
273   24.607343   38.365344   31.486747   13.717309   26.225384   19.971273    5.909522 0
274   35.107343   48.865343   41.986747   13.717309   26.225384   19.971273    8.041262 0
275   45.607342   59.365343   52.486746   13.717309   26.225384   19.971273   10.985519 0
276   56.107342   69.865342   62.986746   13.717309   26.225384   19.971273   17.442856 0
277   66.607341   80.365342   73.486745   13.717309   26.225384   19.971273   20.758713 0
278   77.107341   90.865341   83.986745   13.717309   26.225384   19.971273   24.821793 0
279   87.607340  101.365340   94.486744   13.717309   26.225384   19.971273   24.136963 0
280   98.107339  111.865340  104.986743   13.717309   26.225384   19.971273    5.996026 0
281  108.607339  122.365339  115.486743   13.717309   26.225384   19.971273    3.840396 0
282  119.107338  132.865339  125.986742   13.717309   26.225384   19.971273    3.026566 0
283  129.607338  143.365338  136.486742   13.717309   26.225384   19.971273    2.909828 0
284  140.107337  153.865338  146.986741   13.717309   26.225384   19.971273    2.925802 0
285  150.607336  164.365337  157.486741   13.717309   26.225384   19.971273    2.319890 0
286  161.107336  174.865336  167.986740   13.717309   26.225384   19.971273    1.573641 0
287  171.607335  185.365336  178.486739   13.717309   26.225384   19.971273    1.687275 0
288  182.107335  195.865335  188.986739   13.717309   26.225384   19.971273    1.204241 0
289  192.607334  206.365335  199.486738   13.717309   26.225384   19.971273    0.860695 1
290  203.107334  216.865334  209.986738   13.717309   26.225384   19.971273    0.535500 1
291  213.607333  227.365334  220.486737   13.717309   26.225384   19.971273    0.911608 1
292  224.107332  237.865333  230.986737   13.717309   26.225384   19.971273    1.774134 1
293  234.607332  248.365332  241.486736   13.717309   26.225384   19.971273    2.392653 1
294  245.107331  258.865332  251.986735   13.717309   26.225384   19.971273    3.687494 1
295  255.607331  269.365331  262.486735   13.717309   26.225384   19.971273    5.744794 1
296  266.107330  279.865331  272.986734   13.717309   26.225384   19.971273    9.271093 1
297  276.607330  290.365330  283.486734   13.717309   26.225384   19.971273   21.691406 1
298  287.107329  300.865330  293.986733   13.717309   26.225384   19.971273   63.361328 1
299  297.607328  311.365329  304.486732   13.717309   26.225384   19.971273   14.466782 1
300  308.107328  321.865328  314.986732   13.717309   26.225384   19.971273    6.201495 1
301  318.607327  332.365328  325.486731   13.717309   26.225384   19.971273    4.819769 0
302  329.107327  342.865327  335.986731   13.717309   26.225384   19.971273    2.780651 0
303  339.607326  353.365327  346.486730   13.717309   26.225384   19.971273    3.344185 1
304   -0.009783  359.989822  258.335210   13.717309   26.225384   19.971273    2.574603 0
305   -0.000001  359.972838  179.985622   23.652111   36.225384   29.947115    2.122658 1
306    3.843953   19.125780   11.485621   23.652111   36.225384   29.947115    2.343544 1
307   15.343953   30.625779   22.985620   23.652111   36.225384   29.947115    3.250736 0
308   26.843952   42.125779   34.485620   23.652111   36.225384   29.947115    4.562983 0
309   38.343951   53.625778   45.985619   23.652111   36.225384   29.947115    9.534607 0
310   49.843951   65.125777   57.485618   23.652111   36.225384   29.947115   15.276367 0
311   61.343950   76.625777   68.985618   23.652111   36.225384   29.947115   21.484375 0
312   72.843949   88.125776   80.485617   23.652111   36.225384   29.947115   27.551453 0
313   84.343949   99.625776   91.985616   23.652111   36.225384   29.947115   19.689392 0
314   95.843948  111.125775  103.485616   23.652111   36.225384   29.947115    5.881313 0
315  107.343948  122.625774  114.985615   23.652111   36.225384   29.947115    3.380223 0
316  118.843947  134.125774  126.485615   23.652111   36.225384   29.947115    2.937331 0
317  130.343946  145.625773  137.985614   23.652111   36.225384   29.947115    1.586229 0
318  141.843946  157.125772  149.485613   23.652111   36.225384   29.947115    1.423079 0
319  153.343945  168.625772  160.985613   23.652111   36.225384   29.947115    0.949438 0
320  164.843944  180.125771  172.485612   23.652111   36.225384   29.947115    0.554858 0
321  176.343944  191.625770  183.985611   23.652111   36.225384   29.947115    0.501766 0
322  187.843943  203.125770  195.485611   23.652111   36.225384   29.947115    0.002045 1
323  199.343943  214.625769  206.985610   23.652111   36.225384   29.947115    0.099830 1
324  210.843942  226.125769  218.485610   23.652111   36.225384   29.947115    0.046074 1
325  222.343941  237.625768  229.985609   23.652111   36.225384   29.947115    0.731143 1
326  233.843941  249.125767  241.485608   23.652111   36.225384   29.947115    1.024793 1
327  245.343940  260.625767  252.985608   23.652111   36.225384   29.947115    1.770089 1
328  256.843939  272.125766  264.485607   23.652111   36.225384   29.947115    2.914089 1
329  268.343939  283.625765  275.985606   23.652111   36.225384   29.947115    6.574683 1
330  279.843938  295.125765  287.485606   23.652111   36.225384   29.947115   13.420097 1
331  291.343937  306.625764  298.985605   23.652111   36.225384   29.947115   74.003418 1
332  302.843937  318.125764  310.485604   23.652111   36.225384   29.947115   19.643005 0
333  314.343936  329.625763  321.985604   23.652111   36.225384   29.947115    9.586601 0
334  325.843936  341.125762  333.485603   23.652111   36.225384   29.947115    4.252188 0
335  337.343935  352.625762  344.985603   23.652111   36.225384   29.947115    4.006142 1
336   -0.009977  359.989996  263.988642   23.652111   36.225384   29.947115    2.527591 1
337   -0.000002  359.970093  179.983744   33.576045   46.225383   39.917425    3.575285 1
338    4.091659   21.873272   12.983744   33.576045   46.225383   39.917425    2.895350 1
339   17.091658   34.873271   25.983743   33.576045   46.225383   39.917425    3.032537 1
340   30.091657   47.873271   38.983742   33.576045   46.225383   39.917425    4.279411 1
341   43.091656   60.873270   51.983742   33.576045   46.225383   39.917425   14.542648 1
342   56.091656   73.873269   64.983741   33.576045   46.225383   39.917425   22.709595 0
343   69.091655   86.873268   77.983740   33.576045   46.225383   39.917425   22.326843 0
344   82.091654   99.873268   90.983739   33.576045   46.225383   39.917425   12.651428 0
345   95.091654  112.873267  103.983739   33.576045   46.225383   39.917425    4.830737 0
346  108.091653  125.873266  116.983738   33.576045   46.225383   39.917425    2.685439 0
347  121.091652  138.873266  129.983737   33.576045   46.225383   39.917425    1.530025 1
348  134.091651  151.873265  142.983737   33.576045   46.225383   39.917425    0.347770 1
349  147.091651  164.873264  155.983736   33.576045   46.225383   39.917425    0.355994 1
350  160.091650  177.873263  168.983735   33.576045   46.225383   39.917425    0.292970 0
351  173.091649  190.873263  181.983734   33.576045   46.225383   39.917425    0.366749 0
352  186.091649  203.873262  194.983734   33.576045   46.225383   39.917425    0.157999 1
353  199.091648  216.873261  207.983733   33.576045   46.225383   39.917425   -0.175742 0
354  212.091647  229.873261  220.983732   33.576045   46.225383   39.917425   -0.051514 1
355  225.091646  242.873260  233.983732   33.576045   46.225383   39.917425    0.227809 1
356  238.091646  255.873259  246.983731   33.576045   46.225383   39.917425   -0.078787 1
357  251.091645  268.873258  259.983730   33.576045   46.225383   39.917425    0.963936 1
358  264.091644  281.873258  272.983729   33.576045   46.225383   39.917425    2.051878 1
359  277.091644  294.873257  285.983729   33.576045   46.225383   39.917425    5.565283 1
360  290.091643  307.873256  298.983728   33.576045   46.225383   39.917425   52.077393 0
361  303.091642  320.873256  311.983727   33.576045   46.225383   39.917425  124.711426 0
362  316.091641  333.873255  324.983727   33.576045   46.225383   39.917425   18.395447 0
363  329.091641  346.873254  337.983726   33.576045   46.225383   39.917425    9.059566 1
364  342.091640  359.873253  350.983725   33.576045   46.225383   39.917425    5.454896 1
365   -0.000002  359.965567  179.980628   43.479917   56.225383   49.877282    8.588821 1
366    3.962417   25.994506   14.980627   43.479917   56.225383   49.877282    9.352829 1
367   18.962416   40.994505   29.980626   43.479917   56.225383   49.877282    9.806883 1
368   33.962415   55.994505   44.980625   43.479917   56.225383   49.877282   17.563812 1
369   48.962414   70.994504   59.980624   43.479917   56.225383   49.877282   34.310669 1
370   63.962413   85.994503   74.980623   43.479917   56.225383   49.877282   18.783279 1
371   78.962412  100.994502   89.980623   43.479917   56.225383   49.877282    7.903157 1
372   93.962412  115.994501  104.980622   43.479917   56.225383   49.877282    3.405597 1
373  108.962411  130.994501  119.980621   43.479917   56.225383   49.877282    1.823316 1
374  123.962410  145.994500  134.980620   43.479917   56.225383   49.877282    0.551861 1
375  138.962409  160.994499  149.980619   43.479917   56.225383   49.877282   -0.030212 1
376  153.962408  175.994498  164.980618   43.479917   56.225383   49.877282    0.204409 1
377  168.962407  190.994497  179.980618   43.479917   56.225383   49.877282    0.294231 0
378  183.962407  205.994496  194.980617   43.479917   56.225383   49.877282    0.149269 0
379  198.962406  220.994496  209.980616   43.479917   56.225383   49.877282   -0.035316 0
380  213.962405  235.994495  224.980615   43.479917   56.225383   49.877282    0.118406 1
381  228.962404  250.994494  239.980614   43.479917   56.225383   49.877282   -0.013738 1
382  243.962403  265.994493  254.980614   43.479917   56.225383   49.877282    0.397955 1
383  258.962403  280.994492  269.980613   43.479917   56.225383   49.877282    1.430737 1
384  273.962402  295.994491  284.980612   43.479917   56.225383   49.877282    3.683932 1
385  288.962401  310.994491  299.980611   43.479917   56.225383   49.877282   16.619812 0
386  303.962400  325.994490  314.980610   43.479917   56.225383   49.877282   76.206665 0
387  318.962399  340.994489  329.980609   43.479917   56.225383   49.877282   27.257538 1
388  333.962398  355.994488  344.980609   43.479917   56.225383   49.877282   11.761856 1
389   -0.000003  359.957921  179.975100   53.345475   66.225382   59.815334   47.826660 1
390    3.944478   33.998012   18.975099   53.345475   66.225382   59.815334   30.588379 1
391   22.944477   52.998011   37.975098   53.345475   66.225382   59.815334   36.829102 1
392   41.944476   71.998010   56.975097   53.345475   66.225382   59.815334   30.553223 1
393   60.944475   90.998009   75.975096   53.345475   66.225382   59.815334   14.143293 1
394   79.944474  109.998008   94.975095   53.345475   66.225382   59.815334    4.154083 1
395   98.944473  128.998007  113.975094   53.345475   66.225382   59.815334    2.097374 1
396  117.944472  147.998006  132.975093   53.345475   66.225382   59.815334    1.602001 1
397  136.944471  166.998005  151.975092   53.345475   66.225382   59.815334   -0.104322 1
398  155.944470  185.998004  170.975091   53.345475   66.225382   59.815334   -0.039793 0
399  174.944469  204.998003  189.975090   53.345475   66.225382   59.815334    0.295797 0
400  193.944468  223.998002  208.975089   53.345475   66.225382   59.815334    0.059816 0
401  212.944467  242.998001  227.975088   53.345475   66.225382   59.815334   -0.045238 0
402  231.944466  261.998000  246.975087   53.345475   66.225382   59.815334    0.238871 1
403  250.944465  280.997999  265.975086   53.345475   66.225382   59.815334    1.445183 1
404  269.944464  299.997998  284.975085   53.345475   66.225382   59.815334    3.158878 1
405  288.944463  318.997997  303.975083   53.345475   66.225382   59.815334   12.691719 0
406  307.944462  337.997996  322.975082   53.345475   66.225382   59.815334   45.405029 1
407  326.944460  356.997995  341.975081   53.345475   66.225382   59.815334   68.748047 1
408   -0.000005  359.943711  179.963661   63.128594   76.225381   69.696790   25.684875 1
409    1.513962   50.399525   25.963659   63.128594   76.225381   69.696790   22.948776 1
410   27.513961   76.399523   51.963658   63.128594   76.225381   69.696790   17.351521 1
411   53.513959  102.399522   77.963657   63.128594   76.225381   69.696790    5.873209 1
412   79.513958  128.399520  103.963655   63.128594   76.225381   69.696790    2.196068 1
413  105.513956  154.399519  129.963654   63.128594   76.225381   69.696790    1.227509 1
414  131.513955  180.399518  155.963652   63.128594   76.225381   69.696790    0.933533 1
415  157.513954  206.399516  181.963651   63.128594   76.225381   69.696790    0.140853 1
416  183.513952  232.399515  207.963649   63.128594   76.225381   69.696790    0.351574 0
417  209.513951  258.399513  233.963648   63.128594   76.225381   69.696790    0.871340 0
418  235.513949  284.399512  259.963647   63.128594   76.225381   69.696790    1.797400 1
419  261.513948  310.399510  285.963645   63.128594   76.225381   69.696790    4.043700 1
420  287.513946  336.399509  311.963644   63.128594   76.225381   69.696790   14.341766 1
421   -0.009403  359.988354  336.473242   63.128594   76.225381   69.696790   25.286469 1
422   -0.000016  359.910923  179.930616   72.686948   86.225381   79.332158    8.556885 1
423   -0.009044  359.988896   52.121973   72.686948   86.225381   79.332158    6.522730 1
424   31.261193  148.636840   89.930611   72.686948   86.225381   79.332158    3.125332 1
425   76.261191  193.636837  134.930608   72.686948   86.225381   79.332158    0.755589 1
426  121.261188  238.636835  179.930606   72.686948   86.225381   79.332158    1.187309 1
427  166.261186  283.636833  224.930603   72.686948   86.225381   79.332158    1.265433 1
428  211.261183  328.636830  269.930601   72.686948   86.225381   79.332158    2.435036 1
429   -0.008196  359.989554  307.870278   72.686948   86.225381   79.332158    5.778826 1
430    0.000000  359.769908  179.999830   81.230301   89.999995   85.232948    4.136809 1
